CGGTTS     GENERIC DATA FORMAT VERSION = 2E
REV DATE = 2015-12-31
RCVR = Javad HE_GD 8R633IOLON4 1999 mktimetx,v0.1.1
CH = 32
IMS = 99999
LAB = TRVL
X = -4648204.195 m
Y = +2560476.936 m
Z = -3526504.730 m
FRAME = ITRF2010
COMMENTS = none
INT DLY = 0.0 ns GPS C1     CAL_ID = none
CAB DLY = 172.9 ns
REF DLY = 54.1 ns
REF = UTC(AUS)
CKSUM = 16

SAT CL  MJD  STTIME TRKL ELV AZTH   REFSV      SRSV     REFSYS    SRSYS  DSG IOE MDTR SMDT MDIO SMDI FR HC FRC CK
             hhmmss  s  .1dg .1dg    .1ns     .1ps/s     .1ns    .1ps/s .1ns     .1ns.1ps/s.1ns.1ps/s            
G01 FF 57607 000200  780 415 2323     -302076    -24       -7093    -11   37  58  122  -14   72   -7  0  0 L1C CE
G03 FF 57607 000200  780 118 2394      780547   -223       -7146   -250   99  96  390 -163  130  -15  0  0 L1C 3D
G08 FF 57607 000200  780 117 3062      449239     43       -7111     30   43  78  391  143  130   13  0  0 L1C CC
G10 FF 57607 000200  780 313  843      783034     83       -7147     19   34  12  156   21   86    8  0  0 L1C 91
G11 FF 57607 000200  780 408 2611     6577014    -13       -7081    -25   35  69  124   -2   72   -1  0  0 L1C C9
G14 FF 57607 000200  780 642 1608      278300     18       -7100     -1   27  68   90    5   54    3  0  0 L1C 6E
G22 FF 57607 000200  780 326 2324    -2787895     81       -7060    -14   48  57  150  -25   84  -10  0  0 L1C 03
G31 FF 57607 000200  780 562  293    -2555784     48       -7120     28   20  88   98   -8   58   -5  0  0 L1C C1
G32 FF 57607 000200  780 445 1390      704960    184       -7135     63   38  73  116   13   68    7  0  0 L1C BF
G01 FF 57607 001800  780 465 2395     -302103    -23       -7108    -11   47  58  112   -9   66   -5  0  0 L1C CB
G03 FF 57607 001800  780 169 2352      780563    113       -7157     86   73  96  277  -86  116  -14  0  0 L1C 12
G10 FF 57607 001800  780 266  776      783143     59       -7099     -5   35  12  180   31   95   10  0  0 L1C AE
G11 FF 57607 001800  780 408 2706     6577020     29       -7087     18   30  69  124    2   72    1  0  0 L1C A8
G14 FF 57607 001800  780 578 1525      278304     -3       -7115    -22   26  68   96    7   57    4  0  0 L1C 9A
G22 FF 57607 001800  780 385 2283    -2787815    114       -7071     18   53  57  130  -18   75   -8  0  0 L1C 04
G31 FF 57607 001800  780 629  386    -2555752    -26       -7108    -46   22  88   91   -5   55   -3  0  0 L1C D9
G32 FF 57607 001800  780 386 1343      705108    176       -7103     56   37  73  130   17   75    8  0  0 L1C BF
G01 FF 57607 003400  780 504 2491     -302131    151       -7125    164   50  58  105   -5   63   -3  0  0 L1C C4
G03 FF 57607 003400  780 223 2313      780601    268       -7145    240   95  96  213  -52  104  -13  0  0 L1C FC
G10 FF 57607 003400  780 218  715      783163    -58       -7140   -121   38  12  217   48  105   11  0  0 L1C D7
G11 FF 57607 003400  780 394 2799     6577029     28       -7088     17   31  69  127    6   74    3  0  0 L1C CA
G14 FF 57607 003400  780 517 1455      278317     -8       -7121    -28   30  68  103    9   62    5  0  0 L1C 9E
G22 FF 57607 003400  780 447 2244    -2787713    114       -7061     19   43  57  115  -14   68   -7  0  0 L1C FA
G31 FF 57607 003400  780 683  537    -2555731     33       -7107     12   19  88   87   -3   53   -1  0  0 L1C B3
G32 FF 57607 003400  780 330 1295      705204    122       -7122      2   54  73  149   22   83    9  0  0 L1C 99
G01 FF 57607 005000  780 526 2610     -302111    -63       -7093    -51   31  58  102   -2   61   -1  0  0 L1C AD
G03 FF 57607 005000  780 280 2278      780630   -123       -7142   -150   58  96  172  -35   92  -11  0  0 L1C 0E
G04 FF 57607 005000  780 143  520     2591565    -91       -6919    -94   41  64  324 -109  123  -14  0  0 L1C 12
G10 FF 57607 005000  780 168  659      783285    -16       -7079    -80   65  12  278   82  117   13  0  0 L1C E8
G11 FF 57607 005000  780 369 2887     6577057    -52       -7072    -64   57  69  135   10   78    4  0  0 L1C F2
G14 FF 57607 005000  780 458 1392      278354     72       -7102     53   39  68  113   11   67    6  0  0 L1C AE
G22 FF 57607 005000  780 513 2208    -2787600     60       -7039    -35   26  57  104  -10   62   -6  0  0 L1C E1
G23 FF 57607 005000  780 129 2790     1844387    -35       -7072    -49   50  26  357 -128  127  -14  0  0 L1C 32
G25 FF 57607 005000  780 103 1223     2217076     26       -7101    -43   73  77  437    2  134    0  0  0 L1C AE
G26 FF 57607 005000  780 107  330     4414732     84       -7053     -6   54   0  429 -197  140  -24  0  0 L1C D8
G31 FF 57607 005000  780 711  760    -2555702      4       -7097    -16   20  88   86   -1   52    0  0  0 L1C 92
G32 FF 57607 005000  780 277 1246      705348    146       -7094     26   51  73  174   30   93   10  0  0 L1C CD
G01 FF 57607 010600  780 528 2741     -302139     47       -7108     60   33  58  102    1   61    1  0  0 L1C 8C
G03 FF 57607 010600  780 341 2247      780658    127       -7141    100   48  96  145  -24   82  -10  0  0 L1C F3
G04 FF 57607 010600  780 191  577     2591513     30       -6974     27   57  64  246  -61  111  -12  0  0 L1C EA
G10 FF 57607 010600  780 117  608      783363     -7       -7062    -71   46  12  393  169  131   15  0  0 L1C D4
G11 FF 57607 010600  780 334 2967     6577052     70       -7087     59   40  69  147   16   83    6  0  0 L1C D5
G14 FF 57607 010600  780 402 1332      278371     61       -7104     42   50  68  126   15   73    7  0  0 L1C 9B
G22 FF 57607 010600  780 582 2175    -2787534     79       -7065    -16   29  57   95   -8   57   -4  0  0 L1C EF
G23 FF 57607 010600  780 175 2732     1844394     79       -7080     64   59  26  267  -70  115  -12  0  0 L1C 09
G26 FF 57607 010600  780 158  377     4414781     58       -7091    -32   32   0  296  -98  120  -16  0  0 L1C EE
G31 FF 57607 010600  780 702 1002    -2555704    -81       -7119   -102   18  88   86    2   52    1  0  0 L1C C1
G32 FF 57607 010600  780 227 1196      705444    126       -7114      5   60  73  209   43  103   11  0  0 L1C BB
G01 FF 57607 012200  780 508 2868     -302151    -36       -7108    -24   28  58  105    4   62    2  0  0 L1C B0
G03 FF 57607 012200  780 405 2221      780676     61       -7149     34   52  96  125  -17   73   -9  0  0 L1C C8
G11 FF 57607 012200  780 292 3039     6577116    -48       -7034    -60   40  69  166   23   90    8  0  0 L1C DC
G14 FF 57607 012200  780 349 1274      278402      2       -7092    -17   35  68  142   19   80    8  0  0 L1C A7
G22 FF 57607 012200  780 654 2146    -2787464    185       -7086     90   26  57   89   -5   54   -3  0  0 L1C EC
G23 FF 57607 012200  780 221 2672     1844369    -92       -7119   -107   72  26  214  -43  104  -11  0  0 L1C 1A
G26 FF 57607 012200  780 210  428     4414882    180       -7076     90   52   0  225  -56  106  -13  0  0 L1C DB
G31 FF 57607 012200  780 659 1182    -2555685     69       -7120     48   20  88   89    4   54    2  0  0 L1C B9
G32 FF 57607 012200  780 180 1145      705552    169       -7121     48   58  73  261   66  114   12  0  0 L1C DA
G01 FF 57607 013800  780 471 2978     -302142    164       -7087    176   34  58  111    8   65    4  0  0 L1C D1
G03 FF 57607 013800  780 472 2203      780738     57       -7112     30   30  96  110  -13   65   -7  0  0 L1C BA
G04 FF 57607 013800  780 281  707     2591497    -14       -6997    -18   57  64  171  -24   92   -8  0  0 L1C FF
G11 FF 57607 013800  780 247 3102     6577075   -171       -7086   -183   55  69  194   35   99   10  0  0 L1C 24
G14 FF 57607 013800  780 298 1217      278404     37       -7108     18   35  68  163   25   89    9  0  0 L1C C4
G16 FF 57607 013800  690 115  236       -3421   -119       -7041    -97   53  85  400 -201  139  -28  0  0 L1C F2
G22 FF 57607 013800  780 729 2125    -2787362     31       -7077    -64   17  57   85   -4   52   -2  0  0 L1C DC
G23 FF 57607 013800  780 267 2609     1844381     85       -7121     71   60  26  180  -30   94   -9  0  0 L1C E0
G26 FF 57607 013800  780 264  484     4414948    213       -7096    123   40   0  182  -35   95  -11  0  0 L1C ED
G31 FF 57607 013800  780 599 1288    -2555675     47       -7129     27   23  88   94    6   56    4  0  0 L1C D0
G32 FF 57607 013800  780 134 1092      705641    214       -7148     94   62  73  345  112  126   13  0  0 L1C EB
G01 FF 57607 015400  780 422 3069     -302205     56       -7138     69   49  58  121   13   71    6  0  0 L1C B3
G03 FF 57607 015400  780 543 2193      780757    -28       -7120    -55   40  96  100   -9   60   -5  0  0 L1C CC
G04 FF 57607 015400  780 319  783     2591471    -71       -7026    -74   46  64  153  -15   85   -6  0  0 L1C EE
G14 FF 57607 015400  780 250 1160      278439    -11       -7092    -30   60  68  191   34   98   10  0  0 L1C D0
G16 FF 57607 015400  780 172  276       -3482    -40       -7081    -19   80  85  272  -93  116  -18  0  0 L1C DF
G22 FF 57607 015400  780 807 2125    -2787263    184       -7070     88   20  57   82   -2   50   -1  0  0 L1C D4
G23 FF 57607 015400  780 313 2543     1844400    145       -7117    130   48  26  156  -21   86   -8  0  0 L1C F2
G26 FF 57607 015400  780 316  546     4415029    156       -7101     66   35   0  154  -23   86   -9  0  0 L1C C5
G31 FF 57607 015400  780 531 1344    -2555665     50       -7139     30   36  88  101   10   60    5  0  0 L1C BD
G01 FF 57607 021000  780 366 3143     -302141      1       -7059     14   44  84  136   19   78    9  0  0 L1C 99
G03 FF 57607 021000  780 616 2200      780771    -53       -7141    -80   24   6   92   -7   55   -4  0  0 L1C 9A
G04 FF 57607 021000  780 347  867     2591484     28       -7015     24   32  65  142   -9   81   -4  0  0 L1C B7
G09 FF 57607 021000  780 116 2606    -1827034    -50       -7089     23   64 107  394 -143  131  -13  0  0 L1C 2C
G11 FF 57607 021000  780 152 3215     6577095    170       -7090    159   74  70  305   92  121   13  0  0 L1C FB
G14 FF 57607 021000  780 204 1103      278483     32       -7071     13   39  69  231   50  108   11  0  0 L1C B4
G16 FF 57607 021000  780 233  317       -3510   -227       -7090   -205   51  89  204  -53  102  -14  0  0 L1C DE
G22 FF 57607 021000  780 878 2660    -2787181    106       -7076     10   18  62   81    0   50    0  0  0 L1C AE
G23 FF 57607 021000  780 359 2474     1844412    106       -7115     91   95  27  138  -16   79   -7  0  0 L1C F4
G26 FF 57607 021000  780 364  619     4415134    169       -7083     79   37   1  136  -15   78   -7  0  0 L1C D3
G31 FF 57607 021000  780 461 1370    -2555632     87       -7123     67   41 100  112   14   66    7  0  0 L1C C9
G01 FF 57607 022600  780 307 3203     -302233      2       -7139     14   66  84  159   29   87   11  0  0 L1C AD
G03 FF 57607 022600  780 690 2239      780815     42       -7123     15   30   6   87   -4   53   -2  0  0 L1C 8A
G04 FF 57607 022600  780 364  957     2591476      9       -7027      6   40  65  136   -4   78   -2  0  0 L1C A1
G09 FF 57607 022600  780 160 2551    -1827162    -35       -7147     38   72 107  291  -80  119  -12  0  0 L1C 27
G11 FF 57607 022600  780 106 3266     6577136    -19       -7059    -30   61  70  429  173  135   20  0  0 L1C 0E
G14 FF 57607 022600  780 160 1046      278480    159       -7093    140   45  69  291   77  119   12  0  0 L1C FD
G16 FF 57607 022600  780 295  363       -3500   -144       -7059   -123   37  89  164  -33   89  -12  0  0 L1C F2
G22 FF 57607 022600  780 831  131    -2787099    139       -7085     44   20  62   82    1   50    1  0  0 L1C A2
G23 FF 57607 022600  780 405 2401     1844456    -31       -7085    -46   30  27  125  -12   73   -6  0  0 L1C E4
G26 FF 57607 022600  780 405  704     4415225    144       -7078     54   82   1  125  -10   73   -5  0  0 L1C BA
G31 FF 57607 022600  780 392 1378    -2555627     16       -7137     -4   50 100  128   19   74    9  0  0 L1C DD
G01 FF 57607 024200  780 246 3256     -302206    136       -7100    149   46  84  194   45   99   13  0  0 L1C EA
G03 FF 57607 024200  780 761 2356      780831    -14       -7133    -41   19   6   84   -2   51   -1  0  0 L1C 9D
G04 FF 57607 024200  780 367 1050     2591482     -6       -7024    -10   40  65  135    1   78    1  0  0 L1C A0
G09 FF 57607 024200  780 204 2496    -1827208   -358       -7123   -285   94 107  231  -50  108  -11  0  0 L1C 58
G14 FF 57607 024200  780 117  990      278504    171       -7087    152   45  69  392  137  130   13  0  0 L1C FA
G16 FF 57607 024200  780 358  416       -3560    -53       -7098    -31   25  89  139  -22   79  -10  0  0 L1C CF
G22 FF 57607 024200  780 749  158    -2787005    117       -7083     22   23  62   84    3   51    1  0  0 L1C A2
G23 FF 57607 024200  780 452 2324     1844443     35       -7112     20   36  27  114  -10   67   -5  0  0 L1C C1
G26 FF 57607 024200  780 436  801     4415280     95       -7109      6   33   1  118   -5   69   -3  0  0 L1C 8D
G31 FF 57607 024200  780 324 1373    -2555606    116       -7136     96   51 100  151   28   84   11  0  0 L1C F3
G01 FF 57607 025800  780 187 3302     -302198    171       -7080    183   65  84  252   77  112   15  0  0 L1C 00
G03 FF 57607 025800  780 810 2689      780867     34       -7124      7   18   6   82   -1   50    0  0  0 L1C 78
G04 FF 57607 025800  780 356 1139     2591462     90       -7047     87   51  65  139    6   79    3  0  0 L1C C5
G09 FF 57607 025800  780 250 2440    -1827238      8       -7083     81   69 107  191  -35   98  -10  0  0 L1C 06
G16 FF 57607 025800  780 418  479       -3589     14       -7107     36   24  89  121  -15   71   -7  0  0 L1C AC
G22 FF 57607 025800  780 667  153    -2786896    135       -7066     39   16  62   88    6   53    3  0  0 L1C CA
G23 FF 57607 025800  780 499 2242     1844473    -36       -7096    -51   29  27  106   -8   63   -4  0  0 L1C F4
G26 FF 57607 025800  780 451  908     4415335     67       -7141    -23   27   1  114   -2   67   -1  0  0 L1C A9
G31 FF 57607 025800  780 259 1358    -2555582    -41       -7132    -62   52 100  185   43   96   13  0  0 L1C 0D
G01 FF 57607 031400  750 130 3346     -302206     26       -7076     38   66  84  355  146  128   22  0  0 L1C E2
G03 FF 57607 031400  780 796 3176      780883     39       -7134     12   20   6   83    1   51    1  0  0 L1C 75
G04 FF 57607 031400  780 331 1219     2591502    -28       -7010    -32   40  65  148   13   83    5  0  0 L1C C1
G07 FF 57607 031400  780 129 3030    -4373603    102       -7028     75   35  47  359 -154  127  -16  0  0 L1C 29
G09 FF 57607 031400  780 298 2385    -1827342    -65       -7117      8   53 107  163  -25   89   -9  0  0 L1C 0B
G16 FF 57607 031400  780 474  560       -3605      3       -7101     24   31  89  110  -10   65   -5  0  0 L1C 70
G22 FF 57607 031400  780 586  144    -2786837    120       -7098     24   28  62   95    8   57    5  0  0 L1C C0
G23 FF 57607 031400  780 546 2151     1844491    116       -7093    101   33  27   99   -6   59   -3  0  0 L1C DB
G26 FF 57607 031400  780 450 1017     4415436     66       -7126    -24   26   1  115    2   68    1  0  0 L1C 95
G03 FF 57607 033000  780 732 3413      780902    -27       -7141    -55   27   6   85    3   52    2  0  0 L1C 84
G04 FF 57607 033000  780 295 1287     2591474     14       -7041     11   64  65  164   21   89    8  0  0 L1C C3
G06 FF 57607 033000  780 107 2359    -2298550    -20       -7107     32   73   2  421  -24  133   -2  0  0 L1C DA
G07 FF 57607 033000  780 184 2980    -4373656    -79       -7108   -106   35  47  256  -75  113  -14  0  0 L1C 45
G09 FF 57607 033000  780 348 2330    -1827389   -140       -7094    -67   48 107  142  -19   81   -8  0  0 L1C 31
G16 FF 57607 033000  780 521  662       -3628    -89       -7104    -67   32  89  103   -6   61   -3  0  0 L1C A3
G22 FF 57607 033000  780 507  135    -2786699    154       -7052     58   22  62  105   12   62    7  0  0 L1C CC
G23 FF 57607 033000  780 593 2047     1844503      2       -7095    -13   22  27   94   -5   56   -3  0  0 L1C A9
G26 FF 57607 033000  780 432 1118     4415534     75       -7114    -15   36   1  118    6   70    3  0  0 L1C 94
G03 FF 57607 034600  780 654 3503      780944     51       -7125     24   22   6   89    6   54    3  0  0 L1C 7A
G04 FF 57607 034600  780 250 1341     2591502     84       -7017     80   63  65  191   35   98   10  0  0 L1C CD
G07 FF 57607 034600  780 237 2924    -4373624     93       -7102     66   29  47  201  -44  101  -12  0  0 L1C 05
G09 FF 57607 034600  780 401 2274    -1827478   -131       -7114    -58   41 107  126  -15   73   -7  0  0 L1C 24
G16 FF 57607 034600  780 552  787       -3669     25       -7124     47   37  89   99   -3   59   -2  0  0 L1C 9D
G22 FF 57607 034600  780 429  127    -2786604    169       -7049     74   43  62  119   18   70    9  0  0 L1C E2
G23 FF 57607 034600  780 637 1923     1844498     67       -7114     52   19  27   90   -3   54   -2  0  0 L1C C4
G26 FF 57607 034600  780 399 1205     4415624     49       -7110    -41   36   1  126   11   74    5  0  0 L1C B1
G03 FF 57607 040200  780 573 3544      780955     61       -7139     34   24  19   96    9   58    5  0  0 L1C 9E
G06 FF 57607 040200  780 101 2494    -2298675    -95       -7132    -43   47  14  446   50  135    4  0  0 L1C F9
G07 FF 57607 040200  780 289 2862    -4373629    -21       -7132    -49   34  48  167  -28   90  -10  0  0 L1C 1F
G09 FF 57607 040200  780 457 2218    -1827528   -165       -7101    -92   30 108  113  -11   67   -6  0  0 L1C 1C
G16 FF 57607 040200  780 562  927       -3683    -26       -7119     -5   32  90   97    0   58    0  0  0 L1C 69
G22 FF 57607 040200  780 354  123    -2786512     24       -7050    -72   41  63  140   26   80   11  0  0 L1C BD
G23 FF 57607 040200  780 676 1768     1844510     66       -7117     51   25  28   88   -2   53   -1  0  0 L1C BB
G26 FF 57607 040200  780 354 1273     4415688     68       -7132    -22   40  14  140   17   80    8  0  0 L1C C5
G03 FF 57607 041800  750 493 3566      780999     79       -7121     52   37  19  107   13   64    7  0  0 L1C C6
G07 FF 57607 041800  750 340 2792    -4373566    -16       -7095    -43   45  48  145  -19   82   -8  0  0 L1C 15
G09 FF 57607 041800  750 515 2160    -1827622    -89       -7125    -16   31 108  104   -9   62   -5  0  0 L1C FB
G16 FF 57607 041800  750 550 1064       -3708    -17       -7124      4   29  90   99    3   59    2  0  0 L1C 6D
G22 FF 57607 041800  750 281  121    -2786439    109       -7069     14   44  63  172   41   92   14  0  0 L1C DE
G23 FF 57607 041800  750 705 1571     1844543     39       -7098     24   19  28   86   -1   52   -1  0  0 L1C BD
G26 FF 57607 041800  750 302 1324     4415763    158       -7143     68   44  14  161   27   88   10  0  0 L1C E1
G27 FF 57607 041800  750 110  646    -1244164   -106       -7078    -61   64  51  414 -152  132  -13  0  0 L1C 23
G30 FF 57607 041800  750 106 2909    -1448201    -98       -7059    -77   43  95  430 -195  134  -15  0  0 L1C 42
G03 FF 57607 043400  780 413 3581      781060     94       -7087     66   28  19  123   20   72   10  0  0 L1C BA
G07 FF 57607 043400  780 388 2715    -4373549     27       -7105      0   31  48  129  -14   75   -6  0  0 L1C DF
G09 FF 57607 043400  780 576 2097    -1827701   -107       -7134    -34   29 108   96   -7   57   -4  0  0 L1C 13
G16 FF 57607 043400  780 517 1179       -3753    -48       -7148    -27   26  90  103    6   61    3  0  0 L1C A0
G22 FF 57607 043400  780 212  122    -2786327    106       -7048     11   45  63  224   70  106   16  0  0 L1C DC
G23 FF 57607 043400  780 715 1336     1844562     -1       -7093    -16   22  28   85    0   52    0  0  0 L1C 97
G26 FF 57607 043400  780 245 1360     4415822    179       -7170     89   51  14  195   45   99   13  0  0 L1C F4
G27 FF 57607 043400  780 151  706    -1244215   -152       -7086   -107   61  51  308  -80  121  -11  0  0 L1C 1F
G30 FF 57607 043400  780 154 2856    -1448264      1       -7102     21   54  95  301  -93  120  -13  0  0 L1C E5
G03 FF 57607 045000  780 337 3593      781076      0       -7097    -27   31  19  146   30   82   12  0  0 L1C B8
G07 FF 57607 045000  780 433 2630    -4373541    -12       -7123    -39   56  48  118  -10   69   -5  0  0 L1C FB
G08 FF 57607 045000  780 137  421      449504    -37       -7090    -51   36  98  337 -121  126  -18  0  0 L1C 06
G09 FF 57607 045000  780 640 2024    -1827786     -7       -7149     66   29 108   90   -5   54   -3  0  0 L1C DD
G16 FF 57607 045000  780 469 1266       -3752    -37       -7126    -16   27  90  111   10   66    5  0  0 L1C AA
G22 FF 57607 045000  690 145  127    -2786223    -13       -7036   -108   59  63  321  139  127   29  0  0 L1C 1A
G23 FF 57607 045000  780 704 1099     1844553    -27       -7117    -42   19  28   86    1   52    1  0  0 L1C B6
G27 FF 57607 045000  780 188  770    -1244290   -172       -7117   -127   48  51  249  -47  112   -9  0  0 L1C 2D
G30 FF 57607 045000  780 202 2798    -1448316     26       -7135     46   46  95  234  -53  108  -11  0  0 L1C 0A
G03 FF 57607 050600  780 263    5      781062    124       -7137     96   44  19  183   47   95   15  0  0 L1C A3
G07 FF 57607 050600  780 474 2535    -4373506      7       -7114    -20   48  48  110   -7   65   -4  0  0 L1C CE
G08 FF 57607 050600  780 187  473      449531      6       -7077     -8   41  98  251  -67  112  -13  0  0 L1C D0
G09 FF 57607 050600  780 705 1928    -1827834    -47       -7127     26   23 108   86   -4   52   -2  0  0 L1C EE
G16 FF 57607 050600  780 412 1325       -3780     69       -7133     91   51  90  123   15   72    8  0  0 L1C 8E
G23 FF 57607 050600  780 671  899     1844548     27       -7136     12   27  28   88    3   53    1  0  0 L1C 9E
G27 FF 57607 050600  780 222  840    -1244351    -71       -7134    -25   43  51  214  -28  104   -7  0  0 L1C EB
G30 FF 57607 050600  780 248 2737    -1448306    -69       -7105    -49   59  95  193  -34   98  -10  0  0 L1C 2D
G03 FF 57607 052200  780 193   18      781100    -88       -7125   -115   42  19  244   84  111   18  0  0 L1C CD
G07 FF 57607 052200  780 512 2431    -4373503     30       -7137      3   43  48  104   -5   62   -3  0  0 L1C AA
G08 FF 57607 052200  780 238  530      449497    -76       -7124    -89   51  98  200  -41  100  -11  0  0 L1C F4
G09 FF 57607 052200  780 768 1769    -1827920    -63       -7144     10   21 108   83   -2   51   -1  0  0 L1C E1
G16 FF 57607 052200  780 350 1363       -3781    -54       -7113    -33   39  90  141   23   80   10  0  0 L1C AB
G23 FF 57607 052200  780 624  748     1844583    -11       -7115    -26   27  28   91    4   55    2  0  0 L1C A5
G27 FF 57607 052200  780 248  915    -1244406    -82       -7145    -36   41  51  192  -17   98   -5  0  0 L1C F6
G30 FF 57607 052200  780 293 2672    -1448353    -86       -7133    -65   48  95  165  -24   90   -8  0  0 L1C 14
G03 FF 57607 053800  780 127   34      781129    -66       -7123    -93   63  19  366  182  135   30  0  0 L1C E0
G07 FF 57607 053800  780 546 2316    -4373491     19       -7151     -8   27  48   99   -4   59   -2  0  0 L1C D8
G08 FF 57607 053800  780 287  594      449488     71       -7145     57   54  98  169  -26   91   -9  0  0 L1C EC
G09 FF 57607 053800  780 817 1418    -1827982    -79       -7136     -6   21 108   82   -1   50    0  0  0 L1C DB
G16 FF 57607 053800  780 287 1385       -3841    -97       -7153    -75   57  90  169   36   91   12  0  0 L1C DF
G23 FF 57607 053800  780 569  635     1844592     61       -7120     46   24  28   97    7   58    4  0  0 L1C A3
G27 FF 57607 053800  780 265  994    -1244472     33       -7168     78   40  51  181   -8   95   -2  0  0 L1C DA
G30 FF 57607 053800  780 337 2602    -1448372     78       -7132     99   42  95  146  -17   82   -7  0  0 L1C FC
G07 FF 57607 055400  780 574 2190    -4373443     67       -7129     39   24  48   96   -3   58   -2  0  0 L1C DB
G09 FF 57607 055400  780 812  865    -1828042   -125       -7126    -52   17 108   82    1   50    0  0  0 L1C CD
G16 FF 57607 055400  780 222 1393       -3815     19       -7106     41   72  90  214   59  104   15  0  0 L1C B0
G23 FF 57607 055400  780 508  550     1844602    105       -7124     90   25  28  105   10   62    5  0  0 L1C AD
G27 FF 57607 055400  780 271 1074    -1244529    -99       -7182    -53   55  51  177    0   94    0  0  0 L1C DF
G28 FF 57607 055400  780 139 3238    -5434250   -251       -7040   -224   55   3  335 -152  124  -18  0  0 L1C 40
G30 FF 57607 055400  780 380 2528    -1448389     28       -7129     48   90  95  131  -13   76   -6  0  0 L1C FD
G07 FF 57607 061000  780 597 2052    -4373427    130       -7138    103   27  64   94   -2   56   -1  0  0 L1C E2
G08 FF 57607 061000  780 369  748      449502   -101       -7153   -114   44  10  135  -11   77   -5  0  0 L1C E7
G09 FF 57607 061000  780 756  551    -1828139    -59       -7156     14   19 109   84    3   51    1  0  0 L1C BF
G23 FF 57607 061000  780 444  483     1844622      7       -7118     -8   22  31  116   14   68    7  0  0 L1C 91
G27 FF 57607 061000  750 265 1153    -1244571    203       -7181    248   83  53  181    8   95    2  0  0 L1C DA
G28 FF 57607 061000  780 201 3204    -5434255    -49       -7020    -22   50  25  234  -73  109  -15  0  0 L1C 0B
G30 FF 57607 061000  780 423 2450    -1448413     15       -7136     36   44   6  120  -10   71   -5  0  0 L1C B5
G05 FF 57607 062600  780 111 2259      991670     35       -7214     62   57  30  410 -106  132   -9  0  0 L1C E2
G07 FF 57607 062600  780 612 1903    -4373406     -4       -7144    -31   29  64   93   -1   55   -1  0  0 L1C C4
G08 FF 57607 062600  780 397  841      449516    150       -7152    136   39  10  127   -6   74   -3  0  0 L1C CF
G09 FF 57607 062600  780 685  413    -1828190   -108       -7136    -35   18 109   87    5   53    2  0  0 L1C E1
G23 FF 57607 062600  780 379  430     1844616     75       -7139     60   26  31  132   20   76    9  0  0 L1C B3
G27 FF 57607 062600  780 247 1227    -1244594    -13       -7161     33   57  53  193   18   98    5  0  0 L1C E8
G30 FF 57607 062600  780 464 2367    -1448458     -1       -7162     19   47   6  112   -8   66   -4  0  0 L1C C7
G05 FF 57607 064200  780 136 2318      991687    147       -7170    175   69  30  339  -51  125   -6  0  0 L1C 10
G07 FF 57607 064200  780 619 1747    -4373410    -18       -7174    -45   27  64   92    0   55    0  0  0 L1C C8
G08 FF 57607 064200  780 410  940      449574     19       -7107      5   20  10  123   -2   72   -1  0  0 L1C 7C
G09 FF 57607 064200  780 608  337    -1828272    -99       -7148    -26   28 109   93    7   56    4  0  0 L1C E1
G23 FF 57607 064200  780 313  387     1844666      6       -7104     -8   31  31  156   30   86   12  0  0 L1C A4
G27 FF 57607 064200  780 218 1293    -1244674   -122       -7196    -77   63  53  217   32  105    8  0  0 L1C 12
G28 FF 57607 064200  780 328 3114    -5434369   -217       -7082   -190   98  25  149  -27   84  -11  0  0 L1C 49
G30 FF 57607 064200  780 505 2276    -1448437    -33       -7121    -12   26   6  105   -6   62   -4  0  0 L1C CC
G05 FF 57607 065800  780 151 2383      991695     16       -7136     43   81  30  305  -22  121   -3  0  0 L1C D6
G07 FF 57607 065800  780 618 1589    -4373368     25       -7159     -3   21  64   92    1   55    0  0  0 L1C B7
G08 FF 57607 065800  780 409 1041      449479    -13       -7215    -26   34  10  124    2   72    1  0  0 L1C AB
G09 FF 57607 065800  780 531  287    -1828321    -72       -7128      1   34 109  101   11   60    6  0  0 L1C BE
G11 FF 57607 065800  780 124  609     6577267     41       -7113     30   68  86  370 -109  128  -11  0  0 L1C 06
G23 FF 57607 065800  780 247  353     1844649    -67       -7134    -81   54  31  193   49   98   14  0  0 L1C F8
G28 FF 57607 065800  780 391 3054    -5434461    -72       -7147    -44   62  25  129  -18   75   -8  0  0 L1C 16
G30 FF 57607 065800  780 545 2177    -1448470    -47       -7134    -26   28   6  100   -5   59   -3  0  0 L1C E3
G05 FF 57607 071400  780 158 2452      991653   -139       -7152   -112   88  30  294   -2  119    0  0  0 L1C FB
G07 FF 57607 071400  780 607 1435    -4373346     10       -7163    -17   38  64   93    1   56    1  0  0 L1C B5
G08 FF 57607 071400  780 391 1135      449534    -33       -7173    -47   37  10  128    7   74    3  0  0 L1C B8
G09 FF 57607 071400  780 454  252    -1828406    -24       -7143     48   29 109  114   16   67    8  0  0 L1C E2
G11 FF 57607 071400  780 160  670     6577235    -88       -7156    -99   81  86  290  -64  119  -10  0  0 L1C 1E
G23 FF 57607 071400  780 183  326     1844689    -31       -7108    -46   39  31  257   88  113   16  0  0 L1C FA
G28 FF 57607 071400  780 451 2981    -5434432    -71       -7093    -43   31  25  114  -12   67   -6  0  0 L1C FF
G30 FF 57607 071400  780 583 2066    -1448491    -13       -7135      7   31   6   95   -4   57   -2  0  0 L1C AD
G05 FF 57607 073000  780 154 2523      991606     21       -7173     48   70  30  301   16  120    2  0  0 L1C A7
G07 FF 57607 073000  780 588 1290    -4373307     22       -7150     -5   23  64   95    2   57    1  0  0 L1C A1
G08 FF 57607 073000  780 360 1217      449541     23       -7179      9   45  10  138   13   79    6  0  0 L1C 9F
G09 FF 57607 073000  780 378  226    -1828466    -59       -7133     14   52 109  132   23   76   11  0  0 L1C F0
G11 FF 57607 073000  780 194  735     6577257    -47       -7146    -59   45  86  242  -39  110   -8  0  0 L1C 0C
G13 FF 57607 073000  780 117 2207      353306     -6       -7171    -30   57  68  393 -202  130  -18  0  0 L1C F5
G23 FF 57607 073000  780 119  306     1844710   -255       -7102   -269   94  31  388  199  132   22  0  0 L1C 26
G28 FF 57607 073000  780 508 2892    -5434499     88       -7133    116   27  25  105   -9   62   -5  0  0 L1C FD
G30 FF 57607 073000  780 618 1939    -1448533    -88       -7158    -67   34   6   92   -3   55   -2  0  0 L1C E0
G05 FF 57607 074600  780 141 2594      991554     -7       -7199     20   71  30  326   37  124    5  0  0 L1C C5
G07 FF 57607 074600  780 561 1158    -4373302     18       -7170    -10   26  64   98    4   58    2  0  0 L1C BA
G08 FF 57607 074600  780 317 1283      449590    142       -7144    128   52  10  154   21   85    8  0  0 L1C D5
G09 FF 57607 074600  780 304  207    -1828570    -15       -7167     58   30 109  160   36   88   13  0  0 L1C F4
G11 FF 57607 074600  780 223  803     6577241    -14       -7172    -25   69  86  212  -25  103   -6  0  0 L1C F1
G13 FF 57607 074600  780 178 2211      353335    176       -7165    152   65  68  263  -90  114  -16  0  0 L1C 16
G17 FF 57607 074600  780 156 3499     2027683     51       -7132     54   51   9  300 -131  121  -22  0  0 L1C F7
G28 FF 57607 074600  780 560 2781    -5434477    -10       -7085     18   21  25   98   -6   58   -3  0  0 L1C E5
G30 FF 57607 074600  780 648 1790    -1448534    -38       -7140    -18   28   6   90   -2   54   -1  0  0 L1C D2
G05 FF 57607 080200  780 121 2663      991548   -100       -7180    -73   66  41  377   71  129    7  0  0 L1C F2
G07 FF 57607 080200  780 528 1039    -4373261    -11       -7156    -38   22  65  102    5   61    3  0  0 L1C C7
G08 FF 57607 080200  780 267 1334      449598    -32       -7152    -46   75  11  180   34   95   11  0  0 L1C E1
G09 FF 57607 080200  780 232  194    -1828625    -20       -7154     53   44 110  206   61  102   16  0  0 L1C E8
G11 FF 57607 080200  780 247  875     6577273    100       -7149     88   42  91  193  -15   99   -4  0  0 L1C F3
G13 FF 57607 080200  780 239 2225      353346      8       -7183    -15   48  34  199  -49  100  -13  0  0 L1C E7
G17 FF 57607 080200  780 226 3502     2027688    -18       -7123    -15   45  30  211  -66  103  -16  0  0 L1C 06
G28 FF 57607 080200  780 604 2645    -5434550    -83       -7128    -56   22  26   93   -4   56   -2  0  0 L1C E3
G30 FF 57607 080200  780 669 1615    -1448570     -6       -7153     15   16  16   88   -1   53   -1  0  0 L1C BC
G01 FF 57607 081800  780 114  763     -302618   -111       -7246    -98   53  12  401 -124  131  -11  0  0 L1C 0A
G07 FF 57607 081800  780 489  933    -4373248    -43       -7168    -71   40  65  108    7   64    4  0  0 L1C DC
G09 FF 57607 081800  630 162  186    -1828737   -205       -7197   -132   73 110  289  119  118   19  0  0 L1C 52
G11 FF 57607 081800  780 262  950     6577271    -51       -7161    -62   38  91  183   -7   96   -2  0  0 L1C E0
G13 FF 57607 081800  780 299 2252      353345     41       -7206     17   73  34  162  -30   89  -11  0  0 L1C D9
G17 FF 57607 081800  780 299 3500     2027654      0       -7155      2   32  30  163  -39   89  -14  0  0 L1C C9
G19 FF 57607 081800  780 100 3424     5236749   -111       -7143   -107   40  58  462 -306  138  -26  0  0 L1C 4D
G28 FF 57607 081800  780 635 2480    -5434582     44       -7134     71   25  26   91   -2   54   -1  0  0 L1C C9
G30 FF 57607 081800  780 677 1421    -1448605    -49       -7169    -28   21  16   88    0   53    0  0  0 L1C CB
G01 FF 57607 083400  780 148  827     -302571    105       -7187    117   52  12  313  -67  122   -9  0  0 L1C F1
G07 FF 57607 083400  780 446  840    -4373226    -66       -7173    -93   23  65  115   10   68    5  0  0 L1C DF
G11 FF 57607 083400  780 267 1026     6577295    -19       -7148    -30   44  91  180    0   94    0  0  0 L1C CD
G13 FF 57607 083400  780 356 2293      353425    -12       -7149    -36   47  34  139  -19   79   -8  0  0 L1C F5
G17 FF 57607 083400  780 376 3495     2027689     -5       -7117     -2   29  30  133  -25   77  -11  0  0 L1C ED
G19 FF 57607 083400  780 167 3421     5236816   -103       -7072    -99   52  58  280 -116  117  -19  0  0 L1C 4B
G28 FF 57607 083400  780 651 2292    -5434619    -35       -7145     -8   17  26   89   -1   54    0  0  0 L1C CC
G30 FF 57607 083400  780 669 1224    -1448618     -8       -7162     12   27  16   88    1   53    1  0  0 L1C A7
G01 FF 57607 085000  780 178  894     -302580     37       -7184     50   40  12  263  -39  114   -7  0  0 L1C D2
G07 FF 57607 085000  780 398  758    -4373205     89       -7177     62   38  65  126   13   74    6  0  0 L1C DC
G11 FF 57607 085000  780 262 1101     6577282     21       -7172     10   53  91  183    7   95    2  0  0 L1C A3
G13 FF 57607 085000  780 407 2353      353431      0       -7166    -24   42  34  124  -12   72   -6  0  0 L1C AB
G15 FF 57607 085000  780 101 2209     3217399    -16       -7240    -31   55  71  450 -212  135  -15  0  0 L1C 17
G17 FF 57607 085000  780 455 3486     2027679    -46       -7125    -43   25  30  114  -16   67   -9  0  0 L1C 02
G19 FF 57607 085000  780 238 3411     5236780    -42       -7105    -39   35  58  201  -59  101  -16  0  0 L1C 16
G28 FF 57607 085000  780 651 2097    -5434636    -40       -7136    -13   34  26   89    1   54    0  0  0 L1C C6
G30 FF 57607 085000  780 644 1044    -1448643    -51       -7168    -31   17  16   90    2   54    1  0  0 L1C B8
G01 FF 57607 090600  780 200  966     -302627     15       -7219     28   50  12  234  -22  109   -5  0  0 L1C C1
G07 FF 57607 090600  780 348  686    -4373163    100       -7162     73   59  65  142   19   81    8  0  0 L1C DF
G11 FF 57607 090600  780 247 1170     6577278     -1       -7187    -13   37  91  193   15   98    4  0  0 L1C DB
G13 FF 57607 090600  780 448 2434      353428     41       -7192     17   33  34  115   -7   68   -4  0  0 L1C B8
G15 FF 57607 090600  780 147 2248     3217384    113       -7269     98   52  71  315  -93  122  -12  0  0 L1C 19
G17 FF 57607 090600  780 537 3474     2027646   -146       -7156   -144   25  30  101  -11   60   -6  0  0 L1C 10
G19 FF 57607 090600  780 310 3396     5236739   -154       -7143   -150   57  58  157  -35   87  -13  0  0 L1C 41
G28 FF 57607 090600  780 635 1914    -5434691     -9       -7165     18   30  26   91    2   54    1  0  0 L1C AE
G30 FF 57607 090600  780 607  893    -1448647    -32       -7152    -12   20  16   93    4   56    2  0  0 L1C B1
G01 FF 57607 092200  780 215 1040     -302596    -14       -7176     -2   50  12  220  -10  105   -2  0  0 L1C BE
G11 FF 57607 092200  780 222 1233     6577266     -3       -7210    -14   60  91  213   27  104    7  0  0 L1C C4
G13 FF 57607 092200  780 476 2533      353486     70       -7157     46   30  34  110   -4   65   -2  0  0 L1C B0
G15 FF 57607 092200  780 188 2297     3217448     15       -7219      1   62  71  249  -49  112   -9  0  0 L1C EA
G17 FF 57607 092200  780 621 3458     2027648     35       -7152     37   21  30   92   -8   55   -4  0  0 L1C B9
G19 FF 57607 092200  780 384 3375     5236797      8       -7081     11   27  58  130  -22   75  -10  0  0 L1C E6
G28 FF 57607 092200  780 608 1754    -5434702     23       -7149     50   36  26   93    3   56    2  0  0 L1C B0
G30 FF 57607 092200  780 560  771    -1448696    -67       -7182    -46   20  16   98    6   58    3  0  0 L1C C8
G01 FF 57607 093800  780 219 1115     -302658   -101       -7226    -88   50  12  216    1  104    0  0  0 L1C CA
G07 FF 57607 093800  780 241  567    -4373150    148       -7201    121   53  65  198   44  100   12  0  0 L1C FC
G13 FF 57607 093800  780 487 2647      353483    -28       -7183    -52   42  34  108    0   64    0  0  0 L1C BE
G15 FF 57607 093800  780 221 2355     3217484     12       -7198     -2   77  71  214  -28  104   -7  0  0 L1C EB
G17 FF 57607 093800  780 706 3438     2027626    -10       -7172     -8   22  30   86   -5   52   -2  0  0 L1C BD
G19 FF 57607 093800  780 460 3345     5236702    -81       -7174    -78   32  58  113  -15   67   -8  0  0 L1C 09
G28 FF 57607 093800  780 574 1616    -5434720    -58       -7141    -30   25  26   96    4   58    2  0  0 L1C D2
G30 FF 57607 093800  780 506  672    -1448692     30       -7158     50   32  16  105    9   62    5  0  0 L1C AD
G01 FF 57607 095400  780 213 1188     -302679     53       -7234     66   53  12  222   12  106    3  0  0 L1C BD
G06 FF 57607 095400  750 101   88    -2299880    115       -7240    167   45  48  455 -260  135  -18  0  0 L1C 2B
G07 FF 57607 095400  780 185  518    -4373113     -1       -7190    -28   57  65  254   76  112   14  0  0 L1C EE
G13 FF 57607 095400  780 479 2764      353532    -40       -7157    -64   33  34  109    3   65    2  0  0 L1C BD
G15 FF 57607 095400  780 246 2423     3217523     12       -7173     -3   84  71  194  -15   99   -4  0  0 L1C DB
G17 FF 57607 095400  780 792 3408     2027620      7       -7175     10   16  30   83   -2   51   -1  0  0 L1C 9A
G19 FF 57607 095400  780 536 3305     5236753    -68       -7119    -65   26  58  101  -10   60   -6  0  0 L1C FF
G28 FF 57607 095400  780 535 1496    -5434758    -41       -7154    -14   28  26  101    5   60    3  0  0 L1C DD
G30 FF 57607 095400  780 448  593    -1448707     -7       -7153     13   27  16  115   13   68    7  0  0 L1C C2
G01 FF 57607 101000  780 196 1257     -302721    -79       -7257    -66   70  13  240   27  110    5  0  0 L1C D2
G07 FF 57607 101000  780 128  477    -4373109    -17       -7211    -45   47  80  361  156  127   17  0  0 L1C 07
G11 FF 57607 101000  390 106 1368     6577431    747       -7080    735   93 101  427  161  134   14  0  0 L1C 23
G13 FF 57607 101000  780 453 2873      353557      0       -7151    -24   30  35  114    7   67    4  0  0 L1C 84
G15 FF 57607 101000  780 259 2498     3217501    -87       -7210   -102   57  95  184   -6   96   -2  0  0 L1C F8
G17 FF 57607 101000  780 875 3042     2027619    -20       -7172    -17   18  31   81   -1   50    0  0  0 L1C A8
G19 FF 57607 101000  780 611 3249     5236724     42       -7146     46   13  69   93   -7   56   -4  0  0 L1C BC
G28 FF 57607 101000  780 495 1390    -5434787    -42       -7157    -14   31  27  107    7   63    4  0  0 L1C D8
G30 FF 57607 101000  780 387  528    -1448728    -78       -7153    -57   43  32  130   18   75    9  0  0 L1C E0
G01 FF 57607 102600  690 169 1319     -302674     25       -7198     38   76  13  276   50  116    8  0  0 L1C D3
G06 FF 57607 102600  780 225  148    -2299937   -120       -7197    -67   53  49  211  -61  103  -15  0  0 L1C 29
G13 FF 57607 102600  780 414 2968      353544     19       -7187     -4   54  35  122   11   72    6  0  0 L1C A8
G15 FF 57607 102600  780 262 2576     3217523     40       -7202     25   53  95  183    2   96    1  0  0 L1C A6
G17 FF 57607 102600  780 838 1623     2027627     -6       -7162     -4   21  31   82    1   50    0  0  0 L1C 7D
G19 FF 57607 102600  780 684 3162     5236741      2       -7126      6   22  69   87   -4   53   -2  0  0 L1C 97
G24 FF 57607 102600  780 151 2238      205818    -92       -7197    -98   56  67  309 -124  121  -17  0  0 L1C 24
G28 FF 57607 102600  780 453 1294    -5434815    -27       -7159      0   66  27  114    8   67    4  0  0 L1C C2
G30 FF 57607 102600  780 324  474    -1448750     -2       -7156     18   40  32  151   27   84   11  0  0 L1C B8
G06 FF 57607 104200  780 293  180    -2299988    -54       -7198     -1   34  49  166  -37   90  -13  0  0 L1C 07
G13 FF 57607 104200  780 366 3048      353618    -53       -7135    -77   39  35  136   17   78    8  0  0 L1C D8
G15 FF 57607 104200  780 253 2656     3217520     56       -7219     41   55  95  189   10   97    3  0  0 L1C C7
G17 FF 57607 104200  780 756 1570     2027605     73       -7181     75   24  31   84    3   51    1  0  0 L1C 93
G19 FF 57607 104200  780 752 3010     5236732      7       -7132     11   12  69   84   -3   51   -1  0  0 L1C 8F
G24 FF 57607 104200  780 212 2236      205815    -66       -7205    -72   45  67  223  -64  106  -15  0  0 L1C F7
G28 FF 57607 104200  780 411 1206    -5434841     16       -7159     43   54  27  123   11   72    5  0  0 L1C BE
G30 FF 57607 104200  780 260  430    -1448756     60       -7142     80   39  32  185   43   96   13  0  0 L1C C6
G06 FF 57607 105800  780 363  216    -2300052   -127       -7211    -75   44  49  137  -24   78  -11  0  0 L1C 06
G15 FF 57607 105800  780 234 2733     3217564    177       -7189    163   56  95  203   19  101    5  0  0 L1C 01
G17 FF 57607 105800  780 676 1534     2027611     -5       -7173     -3   23  31   88    5   53    3  0  0 L1C 8E
G19 FF 57607 105800  780 801 2700     5236743    -30       -7117    -26   17  69   82   -1   50    0  0  0 L1C B9
G24 FF 57607 105800  780 275 2244      205821    -20       -7205    -26   68  67  175  -38   93  -12  0  0 L1C F6
G28 FF 57607 105800  780 369 1123    -5434858    -15       -7150     12   49  27  135   14   77    6  0  0 L1C E6
G30 FF 57607 105800  780 196  394    -1448807     -6       -7174     14   29  32  241   76  110   16  0  0 L1C DE
G02 FF 57607 111400  780 139 3500    -5687057    232       -7173    189   53  15  335 -158  124  -19  0  0 L1C 46
G06 FF 57607 111400  780 434  259    -2300079    -42       -7188     10   39  49  118  -16   69   -8  0  0 L1C E9
G15 FF 57607 111400  780 207 2807     3217548    143       -7219    128   54  95  227   32  107    7  0  0 L1C F9
G17 FF 57607 111400  780 600 1498     2027593      0       -7189      3   25  31   94    7   56    4  0  0 L1C 79
G19 FF 57607 111400  780 804 2224     5236725     14       -7132     18   26  69   82    1   50    0  0  0 L1C 8F
G24 FF 57607 111400  780 337 2264      205890     86       -7142     80   57  67  146  -25   82  -10  0  0 L1C DC
G28 FF 57607 111400  780 327 1045    -5434872     30       -7137     57   36  27  150   18   84    7  0  0 L1C D2
G30 FF 57607 111400  780 133  365    -1448833     76       -7180     96   30  32  350  163  126   18  0  0 L1C EB
G02 FF 57607 113000  780 206 3507    -5686971    -15       -7128    -59   49  15  230  -76  107  -17  0  0 L1C 2C
G06 FF 57607 113000  780 504  316    -2300124    -17       -7183     35   28  49  105  -11   63   -6  0  0 L1C C7
G12 FF 57607 113000  780 112 2454    -3877431    -69       -7276    -61   94  36  407 -158  132  -13  0  0 L1C 3A
G13 FF 57607 113000  780 200 3224      353662     14       -7160    -10   52  35  236   65  109   14  0  0 L1C BC
G15 FF 57607 113000  780 174 2876     3217559    132       -7223    118   55  95  268   53  115    9  0  0 L1C 04
G17 FF 57607 113000  780 527 1461     2027590    -26       -7190    -24   23  31  102   10   61    5  0  0 L1C BA
G19 FF 57607 113000  780 761 1895     5236717      6       -7137      9   16  69   84    2   51    1  0  0 L1C 87
G24 FF 57607 113000  780 398 2300      205903     22       -7134     16   34  67  127  -16   74   -8  0  0 L1C BB
G28 FF 57607 113000  780 284  972    -5434963    218       -7202    246   38  27  170   24   91    8  0  0 L1C EC
G02 FF 57607 114600  750 277 3512    -5686937     88       -7136     45   37  15  174  -44   93  -14  0  0 L1C 10
G06 FF 57607 114600  750 571  398    -2300175      7       -7183     59   31  49   97   -7   58   -4  0  0 L1C B2
G12 FF 57607 114600  750 158 2404    -3877373   -147       -7210   -139   91  36  295  -87  119  -13  0  0 L1C 57
G13 FF 57607 114600  750 145 3271      353691     63       -7154     40   52  35  321  116  123   15  0  0 L1C CE
G15 FF 57607 114600  750 138 2940     3217606     86       -7189     71   41  95  335   90  125   11  0  0 L1C EB
G17 FF 57607 114600  750 459 1422     2027604     32       -7174     35   24  31  113   13   67    7  0  0 L1C B0
G19 FF 57607 114600  750 703 1726     5236696    -81       -7154    -78   30  69   86    3   52    2  0  0 L1C C9
G24 FF 57607 114600  750 455 2355      205890    -27       -7152    -33   24  67  114  -11   67   -6  0  0 L1C DC
G28 FF 57607 114600  750 241  903    -5434915    -40       -7128    -13   44  27  198   34  100    9  0  0 L1C E2
G02 FF 57607 120200  780 352 3513    -5686877    211       -7113    168   43  16  141  -28   80  -12  0  0 L1C 13
G06 FF 57607 120200  780 628  519    -2300236    -52       -7198      1   26  50   91   -4   55   -2  0  0 L1C 9E
G12 FF 57607 120200  780 206 2355    -3877370    -10       -7196     -2   67  37  229  -54  108  -12  0  0 L1C 0E
G17 FF 57607 120200  780 394 1381     2027575   -132       -7198   -130   40  34  128   18   74    8  0  0 L1C FD
G19 FF 57607 120200  780 641 1621     5236696    -86       -7152    -83   23  70   90    5   54    3  0  0 L1C B9
G24 FF 57607 120200  780 504 2437      205902     53       -7179     47   27  24  105   -7   63   -4  0  0 L1C AC
G28 FF 57607 120200  780 197  837    -5434948    -23       -7135      4   46  28  239   52  110   11  0  0 L1C DF
G02 FF 57607 121800  780 430 3513    -5686837     73       -7115     30   44  16  119  -18   70   -9  0  0 L1C E9
G06 FF 57607 121800  780 665  692    -2300283   -118       -7196    -66   26  50   88   -2   53   -1  0  0 L1C E4
G12 FF 57607 121800  780 257 2309    -3877357    -37       -7175    -29   31  37  187  -37   97  -11  0  0 L1C 2F
G17 FF 57607 121800  780 333 1338     2027581     25       -7190     27   54  34  147   24   83   10  0  0 L1C CC
G19 FF 57607 121800  780 580 1541     5236684     33       -7161     37   20  70   96    6   57    4  0  0 L1C A5
G24 FF 57607 121800  780 539 2546      205913     24       -7174     18   32  24  100   -4   60   -2  0  0 L1C A4
G28 FF 57607 121800  780 152  776    -5435008     -6       -7169     22   46  28  305   88  121   12  0  0 L1C E1
G02 FF 57607 123400  780 510 3511    -5686818     54       -7137     11   31  16  104  -13   62   -7  0  0 L1C D5
G06 FF 57607 123400  780 672  899    -2300347    -55       -7209     -3   20  50   88    1   53    0  0  0 L1C 9A
G12 FF 57607 123400  780 311 2264    -3877411    -15       -7221     -7   55  37  157  -26   87  -10  0  0 L1C FA
G17 FF 57607 123400  780 276 1293     2027556    -22       -7213    -20   83  34  175   33   93   11  0  0 L1C E3
G19 FF 57607 123400  780 521 1474     5236657    -26       -7185    -22   40  70  103    8   61    5  0  0 L1C C4
G24 FF 57607 123400  780 555 2677      205912    -29       -7180    -34   30  24   98   -1   59    0  0  0 L1C B2
G28 FF 57607 123400  780 107  718    -5435027    -30       -7162     -3   48  28  427  176  133   14  0  0 L1C F8
G02 FF 57607 125000  780 594 3512    -5686793     52       -7154      9   24  16   94   -9   56   -5  0  0 L1C C6
G06 FF 57607 125000  780 647 1086    -2300417    -52       -7229      0   16  50   90    3   54    2  0  0 L1C 8F
G12 FF 57607 125000  780 368 2222    -3877428     40       -7231     48   57  37  135  -19   78   -9  0  0 L1C F8
G17 FF 57607 125000  780 222 1245     2027570   -153       -7197   -151   45  34  213   48  104   12  0  0 L1C 0D
G19 FF 57607 125000  780 465 1411     5236656    -93       -7182    -90   29  70  112   11   66    6  0  0 L1C DC
G24 FF 57607 125000  780 549 2817      205930    -44       -7168    -49   25  24   99    2   59    1  0  0 L1C B2
G02 FF 57607 130600  780 678 3518    -5686734     -2       -7136    -45   19  16   88   -6   53   -3  0  0 L1C E0
G06 FF 57607 130600  780 598 1217    -2300452     15       -7213     68   22  50   94    6   56    3  0  0 L1C A1
G12 FF 57607 130600  780 429 2182    -3877404     55       -7199     62   39  37  119  -15   70   -7  0  0 L1C FA
G17 FF 57607 130600  780 172 1197     2027528     69       -7236     71   76  34  272   76  116   13  0  0 L1C F1
G19 FF 57607 130600  780 411 1352     5236642    -41       -7193    -38   29  70  123   13   72    7  0  0 L1C D3
G24 FF 57607 130600  780 522 2945      205883     37       -7220     31   21  24  103    5   61    3  0  0 L1C 84
G02 FF 57607 132200  780 763 3550    -5686709     40       -7153     -4   33  16   84   -3   51   -1  0  0 L1C B7
G06 FF 57607 132200  780 537 1297    -2300536    -21       -7247     32   28  50  101    9   60    5  0  0 L1C B6
G12 FF 57607 132200  780 494 2145    -3877387    -52       -7174    -44   32  37  107  -11   63   -6  0  0 L1C 06
G19 FF 57607 132200  780 359 1293     5236645      5       -7187      9   48  70  138   17   79    8  0  0 L1C BD
G24 FF 57607 132200  780 479 3051      205918    -25       -7190    -31   33  24  109    9   65    5  0  0 L1C B1
G25 FF 57607 132200  780 147 2271     2220079     20       -7244    -49   62  47  316 -123  122  -16  0  0 L1C 0B
G02 FF 57607 133800  780 843  158    -5686668     37       -7153     -6   27  16   82   -1   50    0  0  0 L1C AA
G06 FF 57607 133800  780 471 1342    -2300569    -72       -7231    -20   26  50  111   13   66    7  0  0 L1C D2
G12 FF 57607 133800  780 563 2112    -3877412    -27       -7192    -19   36  37   97   -8   58   -5  0  0 L1C F2
G19 FF 57607 133800  780 310 1235     5236660    -64       -7168    -61   29  70  157   23   87    9  0  0 L1C E9
G24 FF 57607 133800  780 425 3136      205880   -163       -7234   -169   40  24  120   13   70    7  0  0 L1C DF
G25 FF 57607 133800  780 206 2247     2220162    134       -7228     64   50  47  230  -66  108  -14  0  0 L1C 02
G29 FF 57607 133800  780 120 2702    -6548603    -11       -7238    -19   45 107  383 -133  130  -13  0  0 L1C 3F
G02 FF 57607 135400  780 850 1161    -5686638     15       -7165    -28   24  16   81    1   50    0  0  0 L1C B0
G05 FF 57607 135400  780 212  232      990943   -125       -7215    -98   66  72  223  -63  106  -14  0  0 L1C 05
G06 FF 57607 135400  780 403 1363    -2300649    -72       -7260    -20   47  50  125   18   73    9  0  0 L1C DC
G12 FF 57607 135400  780 636 2082    -3877405     18       -7177     26   29  37   91   -6   54   -3  0  0 L1C D4
G19 FF 57607 135400  780 263 1178     5236641     64       -7184     68   61  70  182   31   95    9  0  0 L1C D6
G24 FF 57607 135400  780 366 3204      205860     29       -7260     24   35  24  136   20   78    9  0  0 L1C AA
G25 FF 57607 135400  780 267 2230     2220245     63       -7211     -7   73  47  180  -41   94  -13  0  0 L1C D9
G29 FF 57607 135400  780 162 2643    -6548577    -38       -7219    -46   58 107  288  -74  118  -11  0  0 L1C 59
G02 FF 57607 141000  780 774 1420    -5686612      9       -7181    -34   18  17   83    3   51    1  0  0 L1C 9C
G05 FF 57607 141000  780 273  272      990900    -49       -7232    -22   48  79  176  -39   93  -12  0  0 L1C ED
G06 FF 57607 141000  780 336 1369    -2300703   -190       -7267   -138   41  51  147   26   83   11  0  0 L1C 11
G12 FF 57607 141000  780 712 2059    -3877427    -13       -7193     -5   20  38   86   -4   52   -2  0  0 L1C C7
G19 FF 57607 141000  780 218 1120     5236620     43       -7204     47   49  88  218   43  105   10  0  0 L1C D4
G24 FF 57607 141000  780 304 3259      205879    -10       -7247    -15   28  25  160   30   88   11  0  0 L1C CF
G25 FF 57607 141000  780 332 2220     2220296     79       -7231     10   54  48  148  -27   83  -11  0  0 L1C DA
G29 FF 57607 141000  780 204 2582    -6548558     93       -7216     85   51   2  231  -47  108  -10  0  0 L1C FC
G02 FF 57607 142600  780 694 1447    -5686573      3       -7184    -40   25  17   87    5   52    2  0  0 L1C B3
G05 FF 57607 142600  780 336  318      990889    -12       -7217     15   41  79  146  -25   82  -10  0  0 L1C E0
G06 FF 57607 142600  780 270 1364    -2300714     74       -7228    126   72  51  178   40   94   13  0  0 L1C EB
G12 FF 57607 142600  780 791 2051    -3877444     63       -7202     71   24  38   83   -2   51   -1  0  0 L1C BE
G19 FF 57607 142600  780 173 1062     5236613     61       -7207     64   56  88  270   66  115   11  0  0 L1C E7
G24 FF 57607 142600  780 243 3307      205907     89       -7224     84   42  25  196   47   99   13  0  0 L1C D2
G25 FF 57607 142600  780 399 2220     2220347    127       -7247     58   28  48  126  -19   74   -9  0  0 L1C FD
G29 FF 57607 142600  780 247 2520    -6548602    -23       -7267    -31   76   2  193  -33   99   -9  0  0 L1C 02
G02 FF 57607 144200  780 616 1439    -5686545    -59       -7198   -103   32  17   92    7   55    4  0  0 L1C E9
G05 FF 57607 144200  780 399  372      990877    -17       -7203     10   33  79  126  -17   73   -8  0  0 L1C D6
G12 FF 57607 144200  780 871 2314    -3877438     56       -7189     64   19  38   81   -1   50    0  0  0 L1C C4
G19 FF 57607 144200  780 130 1005     5236583    150       -7234    154   59  88  354  114  127   12  0  0 L1C 14
G20 FF 57607 144200  780 113 3518    -4294271     76       -7188     98   44  80  410 -229  132  -19  0  0 L1C 27
G24 FF 57607 144200  780 183 3351      205869     36       -7268     31   57  25  256   80  113   15  0  0 L1C D6
G25 FF 57607 144200  780 467 2235     2220475     59       -7185    -10   41  48  111  -13   66   -7  0  0 L1C E3
G02 FF 57607 145800  780 541 1419    -5686521     81       -7215     37   29  17  100   10   60    5  0  0 L1C C5
G05 FF 57607 145800  780 460  440      990847    -52       -7207    -25   20  79  113  -12   67   -6  0  0 L1C D5
G12 FF 57607 145800  780 841  313    -3877421     34       -7164     42   18  38   82    1   50    0  0  0 L1C 91
G20 FF 57607 145800  780 178 3532    -4294317    -97       -7213    -75   62  80  264  -99  114  -17  0  0 L1C 3D
G24 FF 57607 145800  780 127 3392      205847   -105       -7296   -110   65  25  365  154  128   16  0  0 L1C 2B
G25 FF 57607 145800  780 535 2270     2220520     27       -7207    -42   25  48  101   -9   60   -5  0  0 L1C C5
G29 FF 57607 145800  780 335 2392    -6548535    -36       -7216    -44   56   2  147  -18   83   -7  0  0 L1C 0A
G02 FF 57607 151400  780 470 1391    -5686464     25       -7199    -18   29  17  111   13   66    7  0  0 L1C E6
G05 FF 57607 151400  780 515  527      990826     52       -7202     79   36  79  104   -8   62   -4  0  0 L1C B1
G12 FF 57607 151400  780 756  104    -3877440     -6       -7175      2   20  38   84    3   51    1  0  0 L1C 77
G20 FF 57607 151400  780 246 3542    -4294360    150       -7235    171   39  80  194  -54   99  -15  0  0 L1C 25
G25 FF 57607 151400  780 600 2339     2220574    113       -7219     44   22  48   94   -6   56   -3  0  0 L1C C2
G29 FF 57607 151400  780 381 2326    -6548530    -51       -7218    -59   43   2  131  -14   76   -7  0  0 L1C F4
G02 FF 57607 153000  780 403 1359    -5686451    -20       -7227    -63   64  17  125   17   73    8  0  0 L1C E7
G05 FF 57607 153000  780 558  640      990801    -38       -7201    -10   27  79   98   -4   59   -2  0  0 L1C B5
G12 FF 57607 153000  780 671   99    -3877425    -43       -7153    -35   22  38   88    6   53    3  0  0 L1C AE
G20 FF 57607 153000  780 318 3551    -4294316    -58       -7170    -36   45  80  154  -33   85  -13  0  0 L1C 12
G25 FF 57607 153000  780 655 2460     2220643     57       -7217    -12   24  48   89   -3   54   -2  0  0 L1C BF
G29 FF 57607 153000  780 429 2257    -6548497     58       -7193     50   39   2  119  -11   70   -6  0  0 L1C EB
G02 FF 57607 154600  780 340 1323    -5686423     29       -7242    -14   52  17  145   24   82   10  0  0 L1C DF
G05 FF 57607 154600  780 584  779      990767    -36       -7209     -9   26  79   95   -2   57   -1  0  0 L1C C8
G12 FF 57607 154600  780 585   91    -3877472    -55       -7193    -47   28  38   95    9   57    5  0  0 L1C CA
G20 FF 57607 154600  780 393 3559    -4294315    -20       -7149      2   27  80  128  -22   74  -10  0  0 L1C F4
G21 FF 57607 154600  780 137 2919     5292756   -191       -7198   -198   35   0  338 -123  125  -14  0  0 L1C 52
G25 FF 57607 154600  780 689 2648     2220712     63       -7214     -7   28  48   87   -1   53   -1  0  0 L1C BE
G29 FF 57607 154600  780 479 2185    -6548512     24       -7215     16   33   2  109   -9   65   -5  0  0 L1C D4
G02 FF 57607 160200  750 281 1283    -5686368     53       -7224     10   53  26  172   33   92   11  0  0 L1C D5
G05 FF 57607 160200  750 588  929      990733    -55       -7217    -27   19  97   95    1   57    1  0  0 L1C AF
G12 FF 57607 160200  750 501   83    -3877470     52       -7184     60   42  39  106   13   63    7  0  0 L1C A1
G20 FF 57607 160200  750 470 3566    -4294351    -53       -7166    -31   28  83  111  -15   66   -8  0  0 L1C FE
G21 FF 57607 160200  750 187 2866     5292721    -51       -7241    -58   45   2  252  -66  112  -12  0  0 L1C FF
G25 FF 57607 160200  750 689 2877     2220795     50       -7197    -19   20  49   87    1   53    1  0  0 L1C BB
G29 FF 57607 160200  750 530 2107    -6548489     40       -7199     32   30  11  101   -7   60   -4  0  0 L1C C9
G02 FF 57607 161800  780 225 1242    -5686308    209       -7205    166   63  26  211   49  103   12  0  0 L1C 0C
G04 FF 57607 161800  780 145 2188     2591526     58       -7152     55   61   1  322 -127  123  -16  0  0 L1C FD
G05 FF 57607 161800  780 567 1068      990700     11       -7224     39   22  97   97    4   58    2  0  0 L1C 9B
G12 FF 57607 161800  780 419   76    -3877412     -5       -7118      3   29  39  121   20   71   10  0  0 L1C 9F
G20 FF 57607 161800  780 549 3578    -4294380    -71       -7174    -49   43  83   99  -10   59   -6  0  0 L1C 13
G21 FF 57607 161800  780 236 2807     5292778    -72       -7191    -78   46   2  202  -41  101  -11  0  0 L1C 06
G25 FF 57607 161800  780 654 3074     2220864     90       -7194     21   22  49   89    4   54    2  0  0 L1C A6
G29 FF 57607 161800  780 583 2019    -6548486     -7       -7204    -15   28  11   95   -6   57   -3  0  0 L1C E2
G02 FF 57607 163400  750 173 1197    -5686295     39       -7234     -4   63  26  270   77  115   13  0  0 L1C F8
G04 FF 57607 163400  750 200 2216     2591562     57       -7119     54   43   1  235  -63  109  -13  0  0 L1C DC
G05 FF 57607 163400  750 528 1178      990682    -44       -7215    -16   25  97  102    7   61    4  0  0 L1C BE
G12 FF 57607 163400  750 339   73    -3877472     81       -7171     89   37  39  145   30   82   13  0  0 L1C CD
G15 FF 57607 163400  750 111  317     3217869    -60       -7189    -74   43  98  414 -175  132  -14  0  0 L1C 22
G20 FF 57607 163400  750 630 2310    -4294377     16       -7150     38   27  83   91   -7   55   -4  0  0 L1C C1
G21 FF 57607 163400  750 284 2744     5292793     -5       -7183    -12   41   2  170  -27   91   -9  0  0 L1C D4
G25 FF 57607 163400  750 596 3208     2220922     88       -7203     18   20  49   94    6   56    4  0  0 L1C A4
G29 FF 57607 163400  750 636 1912    -6548469     -1       -7194     -9   26  11   91   -4   54   -2  0  0 L1C C7
G04 FF 57607 165000  780 252 2256     2591551    -34       -7133    -37   44   1  189  -36   97  -11  0  0 L1C F5
G05 FF 57607 165000  780 476 1256      990627      2       -7244     29   27  97  110   10   65    6  0  0 L1C A4
G12 FF 57607 165000  780 262   72    -3877500    -67       -7191    -59   25  39  183   50   95   15  0  0 L1C E4
G13 FF 57607 165000  780 129  697      354095     30       -7186      6   67  48  356 -108  127  -12  0  0 L1C EA
G15 FF 57607 165000  780 159  365     3217864      1       -7209    -14   45  98  292  -91  119  -14  0  0 L1C F6
G18 FF 57607 165000  780 146 3297    -5455789     74       -7130    114   59  24  320 -142  123  -18  0  0 L1C 3A
G20 FF 57607 165000  780 709   42    -4294402    -20       -7154      2   13  83   86   -4   52   -2  0  0 L1C 88
G21 FF 57607 165000  780 332 2675     5292779     14       -7203      7   37   2  148  -19   83   -8  0  0 L1C C4
G25 FF 57607 165000  780 528 3295     2220998     87       -7194     17   20  49  102   10   61    6  0  0 L1C C9
G29 FF 57607 165000  780 687 1772    -6548477     -7       -7210    -15   30  11   87   -3   53   -1  0  0 L1C D6
G04 FF 57607 170600  780 299 2310     2591547    -69       -7140    -72   55   1  162  -22   89   -8  0  0 L1C EE
G05 FF 57607 170600  780 416 1308      990625     23       -7220     50   43  97  122   15   71    8  0  0 L1C A8
G12 FF 57607 170600  780 189   75    -3877455     -4       -7138      4   65  39  249   92  111   18  0  0 L1C D0
G13 FF 57607 170600  780 167  761      354081    -31       -7224    -55   55  48  278  -60  117  -10  0  0 L1C F3
G15 FF 57607 170600  780 210  415     3217881    123       -7205    108   56  98  225  -54  107  -12  0  0 L1C 07
G18 FF 57607 170600  780 211 3277    -5455819   -138       -7121    -98   41  24  224  -70  106  -16  0  0 L1C 3C
G20 FF 57607 170600  780 784  167    -4294427    -41       -7158    -19   18  83   83   -2   51   -1  0  0 L1C D6
G21 FF 57607 170600  780 379 2601     5292786    115       -7203    109   46   2  132  -14   76   -7  0  0 L1C EE
G25 FF 57607 170600  780 455 3354     2221049    232       -7209    163   37  49  114   15   67    8  0  0 L1C E9
G26 FF 57607 170600  780 145 2217     4419728    207       -7306    118   42  79  320 -107  123  -14  0  0 L1C 32
G29 FF 57607 170600  780 729 1572    -6548441     18       -7182     10   16  11   85   -2   52   -1  0  0 L1C C5
G04 FF 57607 172200  780 337 2378     2591561     -2       -7130     -6   53   1  146  -13   82   -5  0  0 L1C B4
G05 FF 57607 172200  780 354 1339      990559   -109       -7260    -82   39  97  140   22   80   10  0  0 L1C F5
G12 FF 57607 172200  690 119   82    -3877538   -126       -7213   -118   48  39  389  215  130   20  0  0 L1C 26
G13 FF 57607 172200  780 202  829      354105     68       -7222     44   52  48  233  -36  108   -8  0  0 L1C C3
G15 FF 57607 172200  780 261  470     3217909    -56       -7192    -70   50  98  184  -34   96  -11  0  0 L1C 01
G18 FF 57607 172200  780 278 3251    -5455865     12       -7128     53   47  24  174  -41   92  -13  0  0 L1C 04
G20 FF 57607 172200  780 834  592    -4294436      8       -7147     30   20  83   82    0   50    0  0  0 L1C 7C
G21 FF 57607 172200  780 425 2520     5292833    -82       -7162    -89   98   2  120  -11   70   -5  0  0 L1C DE
G25 FF 57607 172200  780 381 3397     2221129     76       -7196      6   26  49  132   22   76   10  0  0 L1C C7
G26 FF 57607 172200  780 190 2263     4419857     60       -7264    -30   61  79  247  -55  111  -11  0  0 L1C 0F
G29 FF 57607 172200  780 751 1292    -6548468     59       -7216     51   21  11   84    0   51    0  0  0 L1C AB
G05 FF 57607 173800  780 290 1354      990549     28       -7244     55   42  97  167   34   90   12  0  0 L1C D8
G13 FF 57607 173800  780 229  902      354153     25       -7197      1   38  48  207  -21  102   -5  0  0 L1C B1
G15 FF 57607 173800  780 311  530     3217925     32       -7190     17   43  98  157  -23   86   -9  0  0 L1C D4
G18 FF 57607 173800  780 347 3218    -5455952    -65       -7175    -24   30  24  142  -26   81  -11  0  0 L1C 1C
G20 FF 57607 173800  780 808 1152    -4294476    -92       -7166    -70   19  83   82    1   50    1  0  0 L1C CD
G21 FF 57607 173800  780 470 2431     5292800    -19       -7201    -26   39   2  111   -8   66   -4  0  0 L1C C6
G25 FF 57607 173800  780 308 3431     2221184      6       -7207    -64   49  49  158   34   87   13  0  0 L1C DB
G26 FF 57607 173800  780 229 2319     4419963    204       -7244    114   52  79  207  -31  102   -8  0  0 L1C 19
G29 FF 57607 173800  780 741  987    -6548453     44       -7208     37   22  11   84    1   51    1  0  0 L1C A7
G04 FF 57607 175400  780 377 2551     2591569     57       -7129     54   59   1  132   -2   76   -1  0  0 L1C C7
G05 FF 57607 175400  720 227 1357      990467   -189       -7299   -162   79  97  210   56  103   14  0  0 L1C 2D
G13 FF 57607 175400  780 249  980      354125    -34       -7248    -58   42  48  192  -11   98   -3  0  0 L1C E2
G15 FF 57607 175400  780 358  600     3217921      4       -7208    -11   38  98  138  -15   79   -7  0  0 L1C D1
G18 FF 57607 175400  780 416 3176    -5456014   -119       -7197    -78   50  24  122  -17   71   -9  0  0 L1C 23
G20 FF 57607 175400  780 741 1337    -4294510     19       -7180     41   25  83   84    3   51    1  0  0 L1C A2
G21 FF 57607 175400  780 514 2333     5292826    -22       -7182    -29   30   2  104   -6   62   -4  0  0 L1C C4
G25 FF 57607 175400  780 237 3461     2221203    -95       -7255   -165   49  49  201   56  101   15  0  0 L1C 0D
G26 FF 57607 175400  780 258 2386     4420043     64       -7250    -26  100  79  185  -17   96   -5  0  0 L1C 06
G29 FF 57607 175400  780 701  750    -6548413     48       -7176     40   18  11   86    3   52    1  0  0 L1C 9D
G04 FF 57607 181000  780 375 2647     2591585     -2       -7109     -5   35  47  133    3   77    1  0  0 L1C A9
G13 FF 57607 181000  780 258 1060      354196     53       -7195     30   34  49  185   -2   96   -1  0  0 L1C B7
G15 FF 57607 181000  780 398  681     3217981    103       -7167     88   73   1  127  -10   74   -5  0  0 L1C D3
G16 FF 57607 181000  780 117 2196       -4922    141       -7263    163   53  65  391 -135  130  -12  0  0 L1C FE
G18 FF 57607 181000  780 486 3122    -5455994     80       -7145    121   26  39  108  -12   64   -7  0  0 L1C 03
G20 FF 57607 181000  780 668 1387    -4294506     -6       -7157     16   19  85   88    5   53    3  0  0 L1C BB
G21 FF 57607 181000  780 554 2223     5292830     41       -7187     34   30  12   98   -5   59   -3  0  0 L1C B3
G25 FF 57607 181000  780 170 3490     2221242      3       -7286    -66   60  50  275  103  116   17  0  0 L1C E0
G26 FF 57607 181000  780 277 2461     4420152    -16       -7227   -106   87  80  174   -8   93   -3  0  0 L1C F7
G29 FF 57607 181000  780 643  593    -6548414     91       -7179     83   21  12   90    5   54    3  0  0 L1C A5
G04 FF 57607 182600  780 358 2741     2591541   -101       -7157   -105   44  47  138    8   79    4  0  0 L1C F7
G10 FF 57607 182600  780 218 3110      787180    -10       -7194    -73   53  80  217  -59  105  -14  0  0 L1C 00
G13 FF 57607 182600  780 255 1139      354209     66       -7206     42   53  49  187    6   97    2  0  0 L1C AC
G15 FF 57607 182600  780 428  773     3217959     56       -7204     41   34   1  119   -6   70   -3  0  0 L1C AC
G16 FF 57607 182600  780 154 2249       -4892   -161       -7212   -139   46  65  301  -64  120   -9  0  0 L1C 03
G18 FF 57607 182600  780 555 3052    -5456034   -132       -7145    -92   32  39   98   -8   59   -5  0  0 L1C 06
G20 FF 57607 182600  780 596 1395    -4294552     33       -7182     54   26  85   94    7   56    4  0  0 L1C C6
G21 FF 57607 182600  780 592 2097     5292834     -9       -7189    -16   27  12   94   -4   57   -2  0  0 L1C D7
G25 FF 57607 182600  780 107 3519     2221364     49       -7231    -20   48  50  429  235  133   19  0  0 L1C 02
G26 FF 57607 182600  780 284 2542     4420219     79       -7247    -11   51  80  170    0   91    0  0  0 L1C B5
G29 FF 57607 182600  780 577  489    -6548425     57       -7197     49   25  12   96    8   57    4  0  0 L1C CD
G04 FF 57607 184200  780 329 2829     2591554   -107       -7148   -111   32  47  149   14   83    6  0  0 L1C 0A
G10 FF 57607 184200  780 279 3062      787226     44       -7209    -20   51  80  173  -36   92  -12  0  0 L1C E8
G13 FF 57607 184200  780 241 1213      354190    -51       -7248    -75   75  49  197   16  100    4  0  0 L1C D6
G15 FF 57607 184200  780 446  874     3217969    -31       -7208    -46   32   1  115   -2   68   -1  0  0 L1C C4
G16 FF 57607 184200  780 183 2311       -4932    -70       -7232    -49   57  65  256  -33  113   -6  0  0 L1C DB
G18 FF 57607 184200  780 620 2956    -5456094     34       -7166     75   22  39   92   -6   55   -3  0  0 L1C DB
G20 FF 57607 184200  780 527 1386    -4294587    -17       -7197      4   22  85  102   10   61    5  0  0 L1C CF
G21 FF 57607 184200  780 623 1951     5292825   -106       -7205   -112   21  12   92   -2   55   -1  0  0 L1C E1
G26 FF 57607 184200  780 278 2624     4420327     75       -7225    -15   34  80  173    7   92    2  0  0 L1C C1
G29 FF 57607 184200  780 506  414    -6548411     23       -7191     15   23  12  105   11   62    6  0  0 L1C AB
G04 FF 57607 185800  750 291 2908     2591603    -31       -7102    -34   45  47  166   23   90    8  0  0 L1C DE
G10 FF 57607 185800  750 338 3006      787289    232       -7207    168   46  80  146  -23   82  -10  0  0 L1C 09
G13 FF 57607 185800  750 216 1281      354240      3       -7221    -21   49  49  219   30  105    7  0  0 L1C AB
G15 FF 57607 185800  750 448  978     3217993    -98       -7198   -113   37   1  115    1   68    1  0  0 L1C D6
G16 FF 57607 185800  750 202 2381       -4954    -73       -7233    -51   83  65  233  -15  108   -3  0  0 L1C DA
G18 FF 57607 185800  750 680 2819    -5456128    -44       -7161     -3   25  39   88   -4   53   -2  0  0 L1C E1
G20 FF 57607 185800  750 460 1366    -4294608    -24       -7197     -2   34  85  113   13   67    7  0  0 L1C E0
G21 FF 57607 185800  750 646 1785     5292866      9       -7170      2   26  12   90   -1   54   -1  0  0 L1C 9C
G26 FF 57607 185800  750 261 2705     4420406    118       -7233     28   54  80  183   15   96    4  0  0 L1C D7
G29 FF 57607 185800  750 434  359    -6548399    -60       -7186    -68   23  12  118   16   69    8  0  0 L1C FF
G04 FF 57607 191400  780 246 2979     2591591    150       -7117    146   34  47  194   35   99   10  0  0 L1C 0E
G10 FF 57607 191400  780 395 2940      787380    -97       -7177   -161   36  80  127  -16   74   -8  0  0 L1C 10
G13 FF 57607 191400  780 181 1339      354258    -31       -7225    -54   86  49  259   54  113   10  0  0 L1C F1
G15 FF 57607 191400  780 434 1078     3218006     27       -7199     12   38   1  118    5   69    2  0  0 L1C 9E
G16 FF 57607 191400  780 209 2455       -4929     52       -7187     74   89  65  225   -2  107   -1  0  0 L1C C1
G18 FF 57607 191400  780 726 2614    -5456168    -15       -7161     26   27  39   85   -2   52   -1  0  0 L1C DC
G20 FF 57607 191400  780 396 1340    -4294644     52       -7212     73   34  85  127   17   74    8  0  0 L1C D7
G21 FF 57607 191400  780 657 1600     5292883    -37       -7159    -44   21  12   89    0   54    0  0  0 L1C BA
G26 FF 57607 191400  780 235 2781     4420463    114       -7261     24   44  80  202   25  101    7  0  0 L1C D2
G27 FF 57607 191400  780 139 2204    -1246809     94       -7275    139   53  32  333 -146  124  -17  0  0 L1C 39
G29 FF 57607 191400  780 361  318    -6548385     36       -7181     28   35  12  137   24   79   11  0  0 L1C DE
G04 FF 57607 194200  780 161 3086     2591632    -30       -7081    -33   65  47  290   88  119   13  0  0 L1C 04
G10 FF 57607 194200  780 487 2796      787424      6       -7240    -58   48  80  108   -8   64   -5  0  0 L1C CF
G15 FF 57607 194200  780 376 1220     3218042    -22       -7188    -36   42   1  133   13   76    6  0  0 L1C BB
G16 FF 57607 194200  780 196 2590       -4996    -15       -7218      6   53  65  239   20  110    4  0  0 L1C AC
G18 FF 57607 194200  780 742 2107    -5456240   -103       -7164    -63   26  39   84    1   51    0  0  0 L1C CF
G20 FF 57607 194200  780 293 1283    -4294667    -20       -7198      2   62  85  165   30   90   11  0  0 L1C E2
G21 FF 57607 194200  780 642 1271     5292893     26       -7162     19   22  12   90    2   54    1  0  0 L1C 96
G26 FF 57607 194200  780 173 2902     4420644    196       -7232    106   53  80  270   60  115   10  0  0 L1C FC
G27 FF 57607 194200  780 246 2229    -1246849     18       -7238     64   60  32  194  -46   99  -13  0  0 L1C 15
G29 FF 57607 194200  780 236  267    -6548369     29       -7178     21   42  12  202   58  101   15  0  0 L1C EA
G32 FF 57607 194200  780 145 3464      713378    215       -7281     94   41  93  321 -149  123  -19  0  0 L1C 1B
G04 FF 57607 195800  690 111 3141     2591574    -48       -7143    -51  100  47  410  166  132   15  0  0 L1C 15
G10 FF 57607 195800  780 534 2694      787463     48       -7262    -16   26  80  101   -6   60   -3  0  0 L1C D0
G15 FF 57607 195800  780 330 1278     3218038    -28       -7207    -43   56   1  149   21   83    8  0  0 L1C D1
G16 FF 57607 195800  780 175 2664       -5013    -57       -7214    -36   57  65  267   38  115    7  0  0 L1C D7
G18 FF 57607 195800  780 712 1858    -5456289   -123       -7174    -82   25  39   86    2   52    1  0  0 L1C F4
G20 FF 57607 195800  780 238 1245    -4294689    -22       -7200      0   53  85  200   43  100   12  0  0 L1C DD
G21 FF 57607 195800  780 615 1107     5292882     19       -7179     12   23  12   92    3   55    2  0  0 L1C A2
G26 FF 57607 195800  780 133 2963     4420717     95       -7245      5   21  80  347  105  126   12  0  0 L1C EB
G27 FF 57607 195800  780 305 2260    -1246881     51       -7226     96   55  32  159  -28   88  -10  0  0 L1C 0E
G29 FF 57607 195800  780 167  248    -6548363     65       -7179     57   99  12  281  113  117   18  0  0 L1C 1C
G32 FF 57607 195800  780 215 3464      713491    153       -7285     31   34  93  221  -72  106  -17  0  0 L1C 03
G10 FF 57607 201400  780 574 2574      787540     -7       -7239    -70   38  82   96   -4   58   -2  0  0 L1C BF
G15 FF 57607 201400  780 277 1321     3218044      9       -7215     -6   60   6  174   33   93   11  0  0 L1C 99
G16 FF 57607 201400  780 146 2735       -5010     -9       -7192     13   56  66  316   67  122    9  0  0 L1C 9E
G18 FF 57607 201400  780 666 1681    -5456328    -26       -7175     15   23  40   88    3   53    2  0  0 L1C BD
G20 FF 57607 201400  780 186 1205    -4294743    -67       -7235    -45   71  93  253   67  112   13  0  0 L1C 0A
G21 FF 57607 201400  780 576  968     5292883     24       -7187     17   21  13   96    5   57    3  0  0 L1C 9F
G24 FF 57607 201400  780 122  850      205983     87       -7270     81   46  42  376  -91  129   -9  0  0 L1C D3
G27 FF 57607 201400  780 361 2307    -1246925    -74       -7228    -29   48  33  138  -18   79   -8  0  0 L1C 14
G29 FF 57607 201400  780 100  235    -6548390     16       -7212      8   87  13  462  294  136   21  0  0 L1C DB
G32 FF 57607 201400  780 287 3460      713681    114       -7207     -7   38  95  169  -41   91  -14  0  0 L1C ED
G08 FF 57607 203000  750 111 2188      450155    -13       -7229    -27   45  73  414 -203  132  -17  0  0 L1C 00
G10 FF 57607 203000  750 605 2435      787627     56       -7214     -8   32  82   93   -3   56   -1  0  0 L1C 9B
G14 FF 57607 203000  750 142 3402      279626    -58       -7223    -77   44  88  327 -154  123  -19  0  0 L1C 1A
G15 FF 57607 203000  750 220 1350     3218067     52       -7206     37   77   6  215   55  104   13  0  0 L1C B7
G16 FF 57607 203000  750 112 2802       -5020     38       -7182     59   41  66  407  128  132   11  0  0 L1C AF
G18 FF 57607 203000  750 614 1553    -5456352     19       -7160     60   23  40   92    5   55    3  0  0 L1C 9B
G20 FF 57607 203000  750 136 1162    -4294730     36       -7201     58   97  93  339  118  125   14  0  0 L1C FC
G21 FF 57607 203000  750 531  852     5292921     80       -7155     74   27  13  101    7   60    4  0  0 L1C 88
G24 FF 57607 203000  750 149  916      206011     -4       -7248     -9   58  42  310  -50  122   -7  0  0 L1C A6
G27 FF 57607 203000  750 409 2373    -1246935     -2       -7194     43   39  33  124  -11   72   -6  0  0 L1C D9
G32 FF 57607 203000  750 362 3451      713799    128       -7206      7   34  95  137  -26   79  -12  0  0 L1C E1
G08 FF 57607 204600  780 165 2219      450171    259       -7225    245   78  73  284  -89  118  -14  0  0 L1C 24
G10 FF 57607 204600  780 627 2280      787671     66       -7231      3   25  82   91   -1   55   -1  0  0 L1C 91
G14 FF 57607 204600  780 211 3393      279654    -54       -7213    -73   68  88  225  -74  106  -17  0  0 L1C 15
G18 FF 57607 204600  780 561 1452    -5456394   -114       -7163    -73   28  40   98    6   58    4  0  0 L1C E7
G21 FF 57607 204600  780 479  756     5292925    -14       -7158    -21   35  13  109    9   65    5  0  0 L1C C5
G24 FF 57607 204600  780 170  985      205996     81       -7268     76   43  42  274  -28  116   -5  0  0 L1C DF
G27 FF 57607 204600  780 447 2458    -1247014     44       -7230     89   28  33  115   -7   68   -3  0  0 L1C DD
G32 FF 57607 204600  780 439 3438      713934    134       -7187     12   29  95  117  -17   69   -9  0  0 L1C F4
G08 FF 57607 210200  780 214 2262      450211    -95       -7199   -108   66  73  221  -47  106  -11  0  0 L1C 09
G10 FF 57607 210200  780 637 2113      787736     41       -7227    -23   22  82   90    0   54    0  0  0 L1C 84
G14 FF 57607 210200  780 282 3378      279756     63       -7130     43   50  88  171  -42   92  -14  0  0 L1C E0
G18 FF 57607 210200  780 508 1367    -5456452    -78       -7181    -37   32  40  105    8   62    4  0  0 L1C D7
G21 FF 57607 210200  780 425  676     5292950     52       -7139     45   35  13  120   13   70    7  0  0 L1C A3
G24 FF 57607 210200  780 183 1056      206029     40       -7241     34   56  42  255  -12  113   -2  0  0 L1C B8
G27 FF 57607 210200  780 470 2563    -1246992    -19       -7165     27   38  33  111   -3   66   -1  0  0 L1C E0
G32 FF 57607 210200  780 519 3419      714041     45       -7197    -77   26  95  103  -12   61   -7  0  0 L1C D4
G08 FF 57607 211800  750 257 2316      450249     -8       -7174    -22   60  73  186  -27   96   -8  0  0 L1C DD
G10 FF 57607 211800  750 636 1944      787803     55       -7221     -9   27  82   90    0   54    0  0  0 L1C 85
G14 FF 57607 211800  750 356 3357      279773    -55       -7132    -74   32  88  139  -26   79  -11  0  0 L1C 0B
G18 FF 57607 211800  750 456 1290    -5456473     64       -7163    105   57  40  114   10   67    5  0  0 L1C DE
G21 FF 57607 211800  750 368  609     5292966    -62       -7130    -69   33  13  135   19   78    8  0  0 L1C DB
G24 FF 57607 211800  750 187 1128      206053   -115       -7222   -121   63  42  251    1  112    0  0  0 L1C C1
G27 FF 57607 211800  750 476 2677    -1247035    -88       -7164    -43   45  33  110    1   65    0  0  0 L1C D4
G32 FF 57607 211800  750 600 3393      714188     30       -7167    -91   21  95   94   -8   56   -4  0  0 L1C B9
G08 FF 57607 213400  780 291 2383      450270    -40       -7166    -54   53  73  166  -16   90   -6  0  0 L1C E2
G10 FF 57607 213400  780 625 1783      787858     13       -7227    -50   39  82   91    1   55    1  0  0 L1C A2
G14 FF 57607 213400  780 431 3329      279729   -101       -7194   -121   33  88  119  -18   70   -9  0  0 L1C 0D
G18 FF 57607 213400  780 405 1220    -5456499    -13       -7150     28   36  40  125   13   73    6  0  0 L1C D1
G21 FF 57607 213400  780 310  551     5293013     95       -7089     88   32  13  157   28   87   10  0  0 L1C C1
G24 FF 57607 213400  780 180 1199      206031     25       -7249     19   63  42  259   16  114    3  0  0 L1C B7
G27 FF 57607 213400  780 462 2792    -1247081      9       -7166     55   39  33  112    4   66    2  0  0 L1C AE
G32 FF 57607 213400  780 681 3354      714292    111       -7179    -11   21  95   87   -5   53   -3  0  0 L1C C2
G10 FF 57607 215000  780 606 1634      787975    105       -7172     42   21  82   93    2   56    1  0  0 L1C 9A
G14 FF 57607 215000  780 508 3291      279813     48       -7128     28   35  88  105  -12   62   -7  0  0 L1C D1
G18 FF 57607 215000  780 356 1153    -5456526      2       -7138     43   36  40  139   17   79    7  0  0 L1C C4
G21 FF 57607 215000  780 251  503     5292984    -21       -7125    -27   45  13  191   43   98   12  0  0 L1C D2
G24 FF 57607 215000  780 164 1265      206096    172       -7190    166   78  42  283   36  118    6  0  0 L1C E9
G27 FF 57607 215000  780 432 2897    -1247114     23       -7155     69   39  33  118    8   69    4  0  0 L1C CA
G32 FF 57607 215000  780 762 3288      714404    120       -7185     -2   32  95   84   -3   51   -1  0  0 L1C A7
G08 FF 57607 220600  780 325 2545      450310     29       -7156     16   43  79  150   -2   84   -1  0  0 L1C AC
G10 FF 57607 220600  780 581 1500      788014     94       -7199     31   21 103   96    3   57    2  0  0 L1C 95
G11 FF 57607 220600  780 132 2246     6577822    -31       -7175    -42   71  20  350 -145  126  -16  0  0 L1C 1B
G14 FF 57607 220600  780 585 3237      279814     72       -7151     53   15  89   95   -8   57   -5  0  0 L1C BE
G18 FF 57607 220600  780 309 1089    -5456571    -65       -7145    -24   39  41  158   22   87    8  0  0 L1C FD
G21 FF 57607 220600  780 192  461     5293026    115       -7092    108   49  14  246   74  111   15  0  0 L1C EB
G27 FF 57607 220600  780 390 2987    -1247183    103       -7182    149   42  55  129   13   75    6  0  0 L1C FE
G32 FF 57607 220600  780 839 3077      714522    142       -7183     20   14  96   82   -1   50    0  0  0 L1C 9E
G08 FF 57607 222200  750 322 2633      450322     41       -7157     28   61  79  152    4   85    2  0  0 L1C 8F
G10 FF 57607 222200  750 550 1379      788071     95       -7202     32   25 103   99    4   59    2  0  0 L1C 9A
G11 FF 57607 222200  750 186 2262     6577815    133       -7193    122   47  20  252  -72  112  -14  0  0 L1C 13
G14 FF 57607 222200  750 661 3159      279840     33       -7144     13   22  89   89   -5   53   -3  0  0 L1C A9
G18 FF 57607 222200  750 262 1027    -5456593     85       -7127    126   58  41  183   30   95    9  0  0 L1C EB
G21 FF 57607 222200  750 133  427     5293073    102       -7052     95   35  14  349  150  126   17  0  0 L1C E4
G27 FF 57607 222200  750 340 3063    -1247152   -107       -7107    -61   24  55  145   20   82    9  0  0 L1C E3
G31 FF 57607 222200  750 143   79    -2554232    175       -7177    155   66  89  326 -141  123  -17  0  0 L1C 21
G32 FF 57607 222200  750 858 2078      714630    161       -7192     39   23  96   81    1   50    0  0  0 L1C 97
G01 FF 57607 223800  780 112 2223     -303205    223       -7156    235   59  59  410 -218  132  -18  0  0 L1C 18
G08 FF 57607 223800  780 306 2720      450352      5       -7140     -9   50  79  159   10   87    4  0  0 L1C 95
G10 FF 57607 223800  780 517 1269      788126     83       -7207     20   32 103  103    5   61    3  0  0 L1C A0
G11 FF 57607 223800  780 239 2289     6577844    249       -7175    237   59  20  199  -42  100  -11  0  0 L1C 3A
G14 FF 57607 223800  780 732 3025      279874     18       -7128     -2   17  89   85   -3   52   -1  0  0 L1C AC
G18 FF 57607 223800  780 217  968    -5456644   -195       -7139   -155   50  41  218   44  105   10  0  0 L1C 2C
G27 FF 57607 223800  780 286 3128    -1247213    -81       -7125    -35   90  55  169   31   91   11  0  0 L1C FC
G31 FF 57607 223800  780 206  105    -2554185    111       -7149     90   56  89  229  -72  107  -16  0  0 L1C 10
G32 FF 57607 223800  780 790 1686      714746     76       -7193    -46   23  96   83    2   51    1  0  0 L1C AE
G01 FF 57607 225400  780 173 2220     -303213     29       -7153     42   38  59  271  -96  115  -16  0  0 L1C EB
G08 FF 57607 225400  780 280 2801      450373    211       -7133    198   44  79  172   18   92    6  0  0 L1C D8
G10 FF 57607 225400  780 481 1169      788206    157       -7187     95   79 103  109    7   65    4  0  0 L1C D9
G11 FF 57607 225400  780 288 2327     6577880     92       -7150     81   48  20  168  -26   91   -9  0  0 L1C F3
G14 FF 57607 225400  780 789 2759      279863      8       -7158    -11   18  89   83   -1   51   -1  0  0 L1C BF
G18 FF 57607 225400  780 172  911    -5456652    -17       -7108     23   34  41  271   68  116   12  0  0 L1C EA
G22 FF 57607 225400  780 118 2506    -2780091    177       -7107     82   58  44  388 -152  130  -14  0  0 L1C 33
G27 FF 57607 225400  780 229 3184    -1247227   -195       -7095   -149   94  55  207   49  102   13  0  0 L1C 41
G31 FF 57607 225400  780 274  131    -2554170      1       -7154    -19   31  89  176  -43   93  -14  0  0 L1C DE
G32 FF 57607 225400  780 715 1591      714874     93       -7181    -28   23  96   86    4   52    2  0  0 L1C A9
G01 FF 57607 231000  780 235 2225     -303229    -51       -7156    -38   45  59  203  -53  101  -14  0  0 L1C F7
G08 FF 57607 231000  780 245 2875      450415     10       -7104     -4   40  79  195   29   99    8  0  0 L1C B0
G10 FF 57607 231000  780 442 1077      788264     68       -7189      5   39 103  116    9   68    4  0  0 L1C AA
G11 FF 57607 231000  780 332 2379     6577885     18       -7155      6   62  20  148  -17   83   -7  0  0 L1C D7
G14 FF 57607 231000  780 804 2296      279885     -3       -7154    -22   26  89   82    0   50    0  0  0 L1C 93
G18 FF 57607 231000  780 128  856    -5456686   -127       -7103    -86   43  41  359  120  127   13  0  0 L1C 25
G22 FF 57607 231000  780 166 2459    -2780033     53       -7141    -42   59  44  281  -82  117  -13  0  0 L1C 11
G27 FF 57607 231000  780 174 3235    -1247295     98       -7120    144   43  55  270   84  115   14  0  0 L1C 01
G31 FF 57607 231000  780 344  158    -2554178     15       -7181     -5   49  89  144  -27   81  -11  0  0 L1C E6
G32 FF 57607 231000  780 643 1532      714981     96       -7191    -25   21  96   90    6   54    3  0  0 L1C 9B
G01 FF 57607 232600  780 297 2243     -303228     39       -7144     51   64  59  163  -32   89  -11  0  0 L1C E8
G08 FF 57607 232600  780 205 2943      450446   -111       -7085   -124   45  79  230   46  108   10  0  0 L1C 07
G10 FF 57607 232600  780 401  993      788298    174       -7214    111   39 103  126   11   73    5  0  0 L1C D1
G11 FF 57607 232600  780 368 2444     6577923     53       -7129     41   63  20  135  -10   78   -5  0  0 L1C E0
G14 FF 57607 232600  780 767 1919      279901     53       -7157     33   18  89   83    2   51    1  0  0 L1C 9E
G22 FF 57607 232600  780 217 2412    -2779910    145       -7109     50   86  44  219  -51  105  -12  0  0 L1C 17
G27 FF 57607 232600  780 120 3282    -1247305    -65       -7085    -19   41  55  384  164  130   16  0  0 L1C 1A
G31 FF 57607 232600  780 416  190    -2554152     93       -7175     72   36  89  122  -18   71   -9  0  0 L1C DF
G32 FF 57607 232600  780 573 1483      715099    111       -7190    -11   29  96   96    8   58    4  0  0 L1C BD
G01 FF 57607 234200  780 358 2274     -303233    -26       -7137    -14   38  59  139  -21   79   -9  0  0 L1C F3
G08 FF 57607 234200  780 162 3005      450472    137       -7073    124   46  79  288   77  118   12  0  0 L1C FC
G10 FF 57607 234200  780 358  914      788385    206       -7188    144   40 103  138   15   79    7  0  0 L1C E3
G14 FF 57607 234200  780 708 1725      279916    -37       -7160    -57   28  89   86    3   52    2  0  0 L1C BB
G22 FF 57607 234200  780 270 2367    -2779775      8       -7066    -88   62  44  178  -34   94  -11  0  0 L1C 13
G31 FF 57607 234200  780 489  232    -2554087    -14       -7129    -35   31  89  108  -13   64   -7  0  0 L1C F6
G32 FF 57607 234200  780 507 1436      715214    134       -7192     13   34  96  105   10   62    5  0  0 L1C AF
