GGTTS GPS DATA FORMAT VERSION = 01
REV DATE = 1997-11-04
RCVR = NML Topcon Euro-80 L1/L2 S/N 8RQRFKXT534(Javad v1.1.2, GPSCV for Javad v1.2.1)
CH = 12
IMS = NML Euro-80 L1/L2 Pseudorange differences
LAB = NML Australia
X = -4648200.298 m
Y = +2560484.035 m
Z = -3526505.358 m
FRAME = ITRF93
COMMENTS = NML Lindfield - Primary system.
INT DLY = 46.5 ns
CAB DLY = 75.9 ns
REF DLY = 68.9 ns
REF = 352269
CKSUM = 26

PRN CL  MJD  STTIME TRKL ELV AZTH   REFSV      SRSV     REFGPS    SRGPS  DSG IOE MDTR SMDT MDIO SMDI MSIO SMSI ISG CK
             hhmmss  s  .1dg .1dg    .1ns     .1ps/s     .1ns    .1ps/s .1ns     .1ns.1ps/s.1ns.1ps/s.1ns.1ps/s.1ns  
  1 FF 57607 000200  780 416 2323     -301892    +31       -6909    +44   16 058  122  -14   71   -7    0  -61  25 19
 31 FF 57607 000200  780 559  291    -2555604    +34       -6940    +14    8 088   98   -9   58   -5    8  -16  10 1E
 22 FF 57607 000200  780 326 2325    -2787742    +91       -6906     -5   24 057  150  -24   84  -10   64  +45  26 67
 14 FF 57607 000200  780 644 1607     +278482    +14       -6919     -5   10 068   90   +5   54   +3   24   -2  13 01
 11 FF 57607 000200  780 409 2612    +6577191    -22       -6904    -33   17 069  124   -1   72   -1    9   +5  18 28
 10 FF 57607 000200  780 313  841     +783222    +47       -6959    -16   20 012  156  +22   86   +8   19  +60  27 37
  8 FF 57607 000200  750 116 3062     +449375     -3       -6975    -16   40 078  396 +147  131  +13   95   +9 111 6A
 32 FF 57607 000200  780 446 1389     +705149   +121       -6946     +0   12 073  115  +13   68   +7    0  -22  14 2C
  3 FF 57607 001800  780 169 2351     +780741     -4       -6978    -32   40 096  276  -85  116  -14    6 -139  93 71
  1 FF 57607 001800  780 466 2395     -301915    -23       -6921    -11   15 058  112   -9   66   -5    0  +32  15 12
 31 FF 57607 001800  780 627  383    -2555587    +16       -6943     -5    8 088   91   -5   55   -3    1  -32  11 0A
 22 FF 57607 001800  780 385 2284    -2787640    +99       -6896     +3   17 057  130  -18   75   -8   46   +1  26 62
 14 FF 57607 001800  780 579 1523     +278498    +13       -6921     -6    9 068   96   +7   57   +4   26  -22  15 26
 11 FF 57607 001800  780 409 2707    +6577186    +12       -6920     +1   20 069  124   +2   72   +1   33  -22  26 30
 10 FF 57607 001800  780 265  776     +783295    +50       -6947    -14   25 012  181  +30   95   +9   45  +83  41 4D
 32 FF 57607 001800  780 387 1342     +705256   +120       -6955     -1   28 073  130  +17   75   +8    2  +40  29 3A
  3 FF 57607 003400  780 223 2312     +780766    +36       -6980     +9   31 096  213  -52  104  -13   15  +30  55 47
  1 FF 57607 003400  780 504 2494     -301923    +23       -6916    +35   14 058  105   -5   62   -3    3   +4  15 F7
 31 FF 57607 003400  780 682  533    -2555555    +21       -6931     +0    7 088   87   -3   53   -1    0  +19   8 E9
 22 FF 57607 003400  780 448 2247    -2787557   +128       -6905    +33   15 057  115  -13   68   -7   66  -49  25 95
 14 FF 57607 003400  780 518 1454     +278523    -10       -6914    -29   10 068  103   +9   61   +5   11  +39  19 3A
 11 FF 57607 003400  780 394 2800    +6577205    -22       -6912    -33   19 069  127   +6   74   +3   20  -33  36 50
 10 FF 57607 003400  780 217  715     +783346    +93       -6957    +30   25 012  218  +48  105  +11   80  +35  48 60
 32 FF 57607 003400  780 331 1294     +705367   +109       -6960    -12   24 073  148  +22   83   +9   15  +25  31 5C
  3 FF 57607 005000  780 281 2278     +780796    +66       -6976    +39   38 096  172  -34   92  -11    0  +30  64 5B
 23 FF 57607 005000  780 128 2790    +1844563    -20       -6897    -35   46 026  359 -129  127  -14 9999 +999 999 31
  1 FF 57607 005000  780 527 2612     -301922    +11       -6903    +24   10 058  102   -2   61   -1    0  -67  13 F1
 31 FF 57607 005000  780 710  754    -2555531    +17       -6927     -4    6 088   86   -0   52   -0    0   -8   8 D7
 22 FF 57607 005000  780 514 2209    -2787448    +61       -6887    -34   11 057  104  -10   62   -6   51  +39  14 67
 14 FF 57607 005000  780 459 1391     +278530    +14       -6927     -5   11 068  113  +11   67   +6   35  +14  15 37
 11 FF 57607 005000  780 368 2889    +6577211     -7       -6916    -18   18 069  135  +10   78   +5   52  +43  26 69
 10 FF 57607 005000  780 167  658     +783415   +140       -6949    +76   35 012  280  +83  117  +13  100  -14  68 87
 32 FF 57607 005000  780 278 1245     +705462    +66       -6980    -55   23 073  173  +31   92  +10   16 +104  33 6D
  3 FF 57607 010600  780 342 2248     +780837    +44       -6961    +16   20 096  144  -24   82  -10    0  -26  31 39
 23 FF 57607 010600  780 175 2733    +1844555     -5       -6919    -20   43 026  267  -67  115  -12   80  -13  84 82
  1 FF 57607 010600  780 528 2743     -301941    +17       -6910    +29   12 058  102   +2   61   +1    0  -77  16 05
 31 FF 57607 010600  780 702  997    -2555511    +28       -6926     +7    6 088   86   +2   52   +1    0  -18   7 F2
 22 FF 57607 010600  780 583 2175    -2787362   +102       -6893     +6    8 057   95   -8   57   -4   45  +20  13 42
 14 FF 57607 010600  780 402 1331     +278553    +34       -6922    +14   24 068  125  +14   73   +7   25  +26  27 44
 11 FF 57607 010600  780 332 2968    +6577214    +71       -6925    +59   22 069  148  +16   83   +6   73  +46  34 7C
 10 FF 57607 010600  690 115  608     +783506     +5       -6919    -59   52 012  397 +170  131  +16   45 -231 107 85
 32 FF 57607 010600  780 228 1195     +705603   +191       -6955    +70   29 073  209  +44  103  +11   31 -120  40 86
  3 FF 57607 012200  780 406 2222     +780876    +10       -6948    -17   17 096  125  -18   73   -9    0  +22  26 32
 23 FF 57607 012200  780 221 2673    +1844538    -13       -6950    -28   28 026  214  -45  104  -11   11 +161  71 8A
  1 FF 57607 012200  780 508 2869     -301964    -49       -6922    -36   11 058  105   +5   62   +2   13  +48  13 2D
 31 FF 57607 012200  780 660 1178    -2555502     -4       -6936    -24    6 088   89   +4   53   +2    0  +31   9 FB
 22 FF 57607 012200  780 655 2148    -2787269   +121       -6892    +26    9 057   89   -5   54   -3   35  -31  10 55
 14 FF 57607 012200  780 349 1274     +278560     +5       -6933    -14   19 068  141  +19   80   +8   26  -21  31 41
 26 FF 57607 012200  780 209  427    +4415012    +88       -6946     -2   46 000  227  -58  107  -13   47  -86  84 6F
 11 FF 57607 012200  780 291 3040    +6577219    -79       -6931    -90   20 069  166  +24   90   +8   65  +25  51 6F
 32 FF 57607 012200  780 180 1144     +705710   +186       -6963    +66   30 073  260  +67  114  +12   28  +40  67 7D
  3 FF 57607 013800  780 473 2200     +780893    +13       -6958    -14   11 096  110  -13   65   -7    0   +4  15 15
 23 FF 57607 013800  780 267 2609    +1844558    -36       -6944    -51   25 026  180  -29   95   -9   39  +44  40 87
  1 FF 57607 013800  780 470 2980     -301986    -21       -6931     -9   15 058  111   +8   66   +4    8  -61  13 11
 31 FF 57607 013800  780 600 1286    -2555490     -6       -6944    -27   11 088   94   +6   56   +4    0  +33  15 24
 22 FF 57607 013800  780 730 2127    -2787182    +76       -6896    -19    5 057   85   -4   52   -2   39  +14   6 3A
 14 FF 57607 013800  780 299 1216     +278562    +15       -6950     -5   26 068  162  +26   89   +9   72  +15  45 5A
 26 FF 57607 013800  780 262  482    +4415087    +66       -6957    -24   27 000  183  -36   95  -11   86   +0  38 66
 11 FF 57607 013800  780 245 3102    +6577201     -3       -6960    -15   34 069  195  +34   99  +10  100  -55  63 75
 32 FF 57607 013800  780 134 1093     +705802   +109       -6988    -12   34 073  344 +112  126  +13   70  +82 149 A9
  3 FF 57607 015400  780 544 2200     +780919    +38       -6958    +11   11 096  100   -9   59   -5    0   +7  14 0A
 23 FF 57607 015400  780 313 2543    +1844560    +48       -6956    +33   23 026  156  -21   86   -8   30  -67  39 73
  1 FF 57607 015400  780 421 3070     -302003    -32       -6936    -19   28 058  121  +13   71   +7    0  +47  24 13
 31 FF 57607 015400  780 532 1343    -2555476     +5       -6950    -15   10 088  101  +10   60   +5    6  +59  18 37
 22 FF 57607 015400  780 808 2129    -2787082    +90       -6888     -6    5 057   82   -2   50   -1   36  +11   7 1B
 14 FF 57607 015400  780 250 1159     +278606    +29       -6924     +9   25 068  191  +36   98  +10   99  +69  47 76
 26 FF 57607 015400  780 314  545    +4415170   +120       -6960    +30   19 000  155  -23   86   -9   53  +16  34 57
 11 FF 57607 015400  780 198 3161    +6577238    +89       -6934    +77   64 069  238  +57  109  +12   81  -93 113 C2
  3 FF 57607 021000  780 617 2202     +780964    +21       -6948     -6    9 006   92   -7   55   -4    0  -22   9 D7
 23 FF 57607 021000  780 359 2475    +1844596    +48       -6930    +33   30 027  138  -16   79   -7   37  -12  33 76
  1 FF 57607 021000  780 365 3143     -302024    -59       -6942    -46   20 084  136  +20   78   +9   44  -31  29 39
 31 FF 57607 021000  780 462 1369    -2555458     +6       -6949    -14   11 100  112  +14   66   +7    4  -22  14 34
 22 FF 57607 021000  780 878 2692    -2787000    +76       -6895    -20    6 062   81   -0   50   -0   56  +28   7 27
 14 FF 57607 021000  780 204 1102     +278624    -24       -6931    -43   32 069  231  +49  108  +11   96   +6  88 5D
 26 FF 57607 021000  780 363  617    +4415274   +117       -6943    +27   17 001  137  -15   78   -7   54  -10  25 62
 11 FF 57607 021000  780 150 3215    +6577229    +22       -6955    +10   37 070  309  +99  121  +13  109  -38 166 A8
  3 FF 57607 022600  780 691 2242     +780990    +40       -6948    +12    6 006   87   -4   53   -2    0  -45   8 ED
 23 FF 57607 022600  780 406 2402    +1844600    +13       -6941     -1   21 027  125  -12   73   -6   33   -4  24 23
  1 FF 57607 022600  780 305 3203     -302042    -44       -6948    -32   26 084  160  +30   88  +11   42  +56  48 44
 31 FF 57607 022600  780 393 1380    -2555451    +27       -6961     +6   17 100  128  +19   74   +9   18  +33  24 55
 22 FF 57607 022600  780 829  126    -2786905   +117       -6892    +22    5 062   82   +2   50   +1   45  -40   7 1F
 14 FF 57607 022600  780 160 1045     +278634   +155       -6939   +136   32 069  291  +81  119  +12  150 -162 106 D0
  9 FF 57607 022600  780 160 2552    -1826965   -139       -6950    -66   33 107  291  -80  119  -12   50  -69  94 AA
 26 FF 57607 022600  780 404  702    +4415371    +52       -6932    -38   38 001  125  -10   73   -5   43   +3  35 31
 11 FF 57607 022600  495 104 3265    +6577236    -97       -6960   -108   38 070  435 +172  135  +18    0 -932 336 D3
 16 FF 57607 022600  780 293  362       -3379    +11       -6938    +33   23 089  165  -34   90  -12   85  -35  37 41
  3 FF 57607 024200  780 762 2361     +781011    +54       -6954    +26    6 006   84   -3   51   -1    0  -46   8 DE
 23 FF 57607 024200  780 453 2326    +1844621    -14       -6935    -29   12 027  114  -10   67   -5   20  +61  20 52
  1 FF 57607 024200  780 244 3256     -302088    -35       -6982    -22   23 084  195  +47   99  +13   68  -20  64 63
 31 FF 57607 024200  780 325 1375    -2555425    +25       -6955     +5   19 100  151  +29   84  +11   19  -25  32 5F
 22 FF 57607 024200  780 747  160    -2786826    +87       -6904     -9    5 062   84   +4   51   +2   54   +8   8 FC
 14 FF 57607 024200  750 117  989     +278650    +45       -6941    +25   46 069  393 +142  131  +13 9999 +999 999 02
  9 FF 57607 024200  780 204 2497    -1827036   -131       -6951    -58   39 107  231  -49  108  -11   41  +29  51 94
 26 FF 57607 024200  780 435  799    +4415463   +143       -6927    +53   15 001  118   -4   69   -2   19  -39  20 5F
 16 FF 57607 024200  780 356  415       -3409     -8       -6947    +14   16 089  139  -23   79  -10   91  -17  32 2D
  3 FF 57607 025800  780 809 2698     +781051    +22       -6939     -6    4 006   82   -1   50   -0    0  +14   6 D5
 23 FF 57607 025800  780 500 2243    +1844639    +31       -6930    +16   12 027  106   -8   63   -4   17  +47  22 4A
  1 FF 57607 025800  780 185 3302     -302078    -63       -6960    -50   31 084  254  +80  112  +15   69 +100  80 6B
 31 FF 57607 025800  780 260 1360    -2555442    -46       -6991    -66   36 100  185  +43   96  +13   21  +67  53 82
 22 FF 57607 025800  780 665  156    -2786739    +64       -6909    -32    5 062   89   +6   53   +3   59  +11  10 38
  9 FF 57607 025800  780 251 2441    -1827113   -157       -6958    -84   36 107  191  -36   98  -10   59  -29  53 9E
 26 FF 57607 025800  780 450  905    +4415552    +60       -6924    -30   14 001  114   +0   68   +0   13  +40  17 25
 16 FF 57607 025800  780 417  478       -3424    +10       -6942    +32   16 089  122  -15   71   -7   68  -59  24 2C
  3 FF 57607 031400  780 794 3181     +781070    +42       -6946    +15    7 006   83   +1   51   +1    0   +4   9 C8
 23 FF 57607 031400  780 547 2152    +1844655    +38       -6929    +23   12 027   99   -6   59   -3   28  -17  20 54
  1 FF 57607 031400  780 128 3347     -302132    +33       -7002    +45   48 084  361 +154  129  +24  141  -13 168 86
 31 FF 57607 031400  780 198 1336    -2555434    -52       -7003    -72   41 100  239  +73  109  +15   21 -144  69 95
 22 FF 57607 031400  780 584  140    -2786648   +102       -6909     +7    8 062   95   +9   57   +5   64  +51  11 2C
  9 FF 57607 031400  780 299 2385    -1827181   -107       -6957    -34   26 107  162  -26   89   -9   43  -61  34 8C
 26 FF 57607 031400  780 450 1015    +4415617    +91       -6945     +1   13 001  114   +0   68   +0   34   -8  19 16
  7 FF 57607 031400  780 128 3030    -4373484    -80       -6909   -107   38 047  361 -150  127  -16   84  -86  82 B3
 16 FF 57607 031400  780 473  558       -3446    -33       -6943    -12   11 089  110  -10   65   -5   67  -32  20 18
  3 FF 57607 033000  780 730 3415     +781093    +14       -6950    -13    5 006   85   +4   52   +2    0  +27   8 D4
 23 FF 57607 033000  780 594 2047    +1844664    +19       -6934     +5   12 027   94   -5   56   -2   15   +1  13 1D
 31 FF 57607 033000  780 138 1309    -2555402    +17       -6991     -3   39 100  336 +133  125  +16   83   +4 107 7B
 22 FF 57607 033000  780 504  140    -2786555    +71       -6908    -24    9 062  105  +12   63   +7   69  +12  15 3C
  9 FF 57607 033000  780 349 2331    -1827257   -119       -6963    -46   18 107  141  -19   80   -8   41  +67  37 7F
  6 FF 57607 033000  765 110 2359    -2298374    -40       -6932    +12   37 002  412   +0  132   +0   88 +116 135 63
 26 FF 57607 033000  780 432 1116    +4415716   +147       -6932    +57   15 001  118   +6   69   +3   42  -22  26 58
  7 FF 57607 033000  780 182 2981    -4373463   -110       -6915   -137   35 047  258  -76  113  -14   27  +71  64 AD
 16 FF 57607 033000  780 519  659       -3459    -31       -6935    -10    7 089  103   -6   61   -3   43  -17  14 00
  3 FF 57607 034600  780 651 3503     +781111    +15       -6959    -12    8 006   89   +6   54   +3    0  +30   9 E2
 23 FF 57607 034600  780 638 1923    +1844685    +37       -6927    +23   10 027   90   -3   54   -2   17  -22  12 46
 22 FF 57607 034600  780 427  120    -2786474    +72       -6919    -23   17 062  120  +18   70   +9   97  -10  29 5F
  9 FF 57607 034600  780 402 2276    -1827307    -76       -6943     -3   16 107  126  -15   73   -7   24  +29  21 4F
  6 FF 57607 034600  780 110 2426    -2298428   -128       -6935    -75   52 002  412   +0  132   +0   97 +140 120 7B
 26 FF 57607 034600  780 399 1203    +4415809    +94       -6925     +4   18 001  126  +11   73   +5   16  +43  19 55
  7 FF 57607 034600  780 237 2924    -4373483    +63       -6961    +36   31 047  201  -42  101  -11   93  +98  45 84
 16 FF 57607 034600  780 552  784       -3474     -5       -6930    +17    8 089   99   -3   59   -2   57  -19  13 F9
  3 FF 57607 040200  780 571 3545     +781139    +31       -6955     +3    8 019   97   +9   58   +5   25   +7  13 F6
 23 FF 57607 040200  780 677 1767    +1844700    +15       -6927     -0   10 028   88   -2   53   -1   17  +16  15 2E
 22 FF 57607 040200  780 352  120    -2786395   +140       -6933    +45   17 063  141  +27   80  +12  104  -63  25 79
  9 FF 57607 040200  780 458 2219    -1827376   -109       -6949    -36   12 108  113  -11   67   -6   15   -6  21 63
  6 FF 57607 040200  540 100 2494    -2298470   -106       -6927    -54   51 014  451  +73  135   +6  108 +265 115 A6
 26 FF 57607 040200  780 355 1272    +4415887    +60       -6933    -30   17 014  139  +17   80   +7   20   +6  37 52
  7 FF 57607 040200  780 289 2862    -4373442    +71       -6944    +44   26 048  167  -29   90  -10   44  -63  48 83
 16 FF 57607 040200  780 560  924       -3493    -16       -6929     +6    8 090   98   +0   58   +0   48  -11  12 DA
  3 FF 57607 041800  780 490 3565     +781167    -40       -6954    -67   12 019  107  +14   64   +7   32  +79  18 57
 23 FF 57607 041800  780 706 1568    +1844718     +2       -6923    -13    8 028   86   -1   52   -0   17  +23  12 1F
 22 FF 57607 041800  780 279  120    -2786284    +60       -6914    -35   23 063  173  +42   92  +14  117 +107  35 8C
  9 FF 57607 041800  780 516 2161    -1827450   -100       -6954    -27    9 108  103   -9   62   -5   15  +40  18 45
 26 FF 57607 041800  780 302 1324    +4415986    +85       -6920     -5   26 014  161  +27   88  +10    0  +35  30 4B
  7 FF 57607 041800  780 339 2793    -4373412    +39       -6941    +11   18 048  145  -20   82   -8   41  -16  30 5F
 16 FF 57607 041800  780 550 1061       -3522    -34       -6938    -13    8 090   99   +3   59   +2   47  +25  11 FA
  3 FF 57607 043400  780 411 3580     +781176     +7       -6971    -21   12 019  123  +20   72  +10   43  +27  17 2F
 23 FF 57607 043400  780 720 1332    +1844729     -9       -6927    -23    7 028   85   +0   52   +0   14  +29  11 19
 30 FF 57607 043400  780 154 2857    -1448077    +11       -6915    +31   57 095  302  -90  120  -13   83 -223 113 A9
 22 FF 57607 043400  780 209  120    -2786217    +80       -6938    -15   30 063  226  +72  107  +16  146  -67  58 92
  9 FF 57607 043400  780 577 2099    -1827517    -61       -6950    +12   12 108   96   -7   57   -4    0  +21  15 2E
 26 FF 57607 043400  780 246 1358    +4416033   +169       -6960    +79   47 014  195  +47   99  +13   43  -44  46 A8
  7 FF 57607 043400  780 387 2716    -4373389    +49       -6944    +22   24 048  129  -14   75   -6   16   +9  28 69
 16 FF 57607 043400  780 517 1177       -3548    -36       -6943    -14   12 090  103   +6   61   +3   42  +80  17 16
 27 FF 57607 043400  780 150  704    -1244087     -9       -6957    +37   36 051  310  -77  121  -10   94  -75 101 7B
  3 FF 57607 045000  780 335 3597     +781185    +12       -6988    -16   18 019  147  +30   83  +12   52   -3  28 51
 23 FF 57607 045000  780 704 1094    +1844734     +2       -6935    -12    5 028   86   +1   52   +1   20   -8  12 FC
 30 FF 57607 045000  780 201 2799    -1448110    -69       -6929    -48   27 095  234  -55  109  -12   55 +126  48 B5
 22 FF 57607 045000  780 143  120    -2786123    +66       -6937    -30   30 063  326 +145  128  +29  163 +108 109 B8
  8 FF 57607 045000  345 137  419     +449657   -153       -6937   -166   36 098  339 -108  126  -16 9999 +999 999 30
  9 FF 57607 045000  780 641 2026    -1827594    -73       -6958     +0   12 108   90   -5   54   -3    7  -17  13 17
 26 FF 57607 045000  780 186 1380    +4416105    +51       -6973    -38   40 014  253  +83  112  +16   73  -62  62 85
  7 FF 57607 045000  780 433 2631    -4373374    +18       -6956     -9   17 048  118  -10   69   -5   15   +5  19 44
 16 FF 57607 045000  780 470 1264       -3567    -27       -6942     -5   12 090  111  +10   66   +5   48  +34  16 14
 27 FF 57607 045000  780 188  770    -1244132    -21       -6959    +24   32 051  250  -49  112   -9   61  -34  55 69
  3 FF 57607 050600  780 261    1     +781207     -5       -6993    -33   32 019  184  +50   96  +15   84  +72  49 16
 23 FF 57607 050600  780 671  895    +1844742    +19       -6941     +4    6 028   88   +3   53   +1   18   +8   9 FD
 30 FF 57607 050600  780 247 2738    -1448159     +4       -6958    +24   34 095  193  -34   99  -10   38  -36  68 8E
  8 FF 57607 050600  780 186  473     +449639    +24       -6968    +10   39 098  252  -65  112  -12 9999 +999 999 F0
  9 FF 57607 050600  780 706 1928    -1827665    -73       -6958     -0    6 108   86   -4   52   -2    0   +3   8 F0
 26 FF 57607 050600  780 126 1400    +4416239    +90       -6925     +1   48 014  369 +177  128  +18   29   +7 128 94
  7 FF 57607 050600  780 475 2537    -4373341     -5       -6949    -32   16 048  110   -8   65   -4    0  -22  23 26
 16 FF 57607 050600  780 413 1324       -3588    -53       -6941    -31   21 090  123  +15   72   +8   34  -32  26 24
 27 FF 57607 050600  780 221  839    -1244185   -120       -6967    -74   23 051  214  -29  104   -7   71  +79  40 82
  3 FF 57607 052200  780 191   20     +781220     +2       -7005    -26   27 019  247  +88  111  +19   51 +109  61 2C
 23 FF 57607 052200  780 623  744    +1844747     +3       -6951    -12    8 028   92   +5   55   +3   30  +16   7 FB
 30 FF 57607 052200  780 293 2672    -1448171    -16       -6950     +4   26 095  165  -23   90   -8   31  +54  39 60
  8 FF 57607 052200  780 236  529     +449665     +2       -6956    -12   25 098  201  -41  101  -11   61  +54  46 44
  9 FF 57607 052200  780 770 1767    -1827733    -86       -6957    -13    7 108   83   -2   51   -1    0   +8   8 02
  7 FF 57607 052200  780 513 2433    -4373314    +13       -6949    -14   16 048  104   -6   62   -3    0   -1  23 0F
 16 FF 57607 052200  780 351 1363       -3623    -63       -6956    -41   31 090  141  +23   80  +10   39  +44  33 30
 27 FF 57607 052200  780 247  913    -1244226   -118       -6966    -72   27 051  193  -17   98   -5   59   -1  46 71
  3 FF 57607 053800  765 124   36     +781252    -20       -7000    -47   27 019  373 +195  136  +31  110  +55  89 64
 23 FF 57607 053800  780 568  632    +1844752     +8       -6960     -7    6 028   97   +7   58   +4   29  +35   8 0E
 30 FF 57607 053800  780 337 2603    -1448198    -34       -6958    -14   27 095  146  -17   82   -7   19  +45  29 8C
  8 FF 57607 053800  780 285  593     +449656    -12       -6977    -26   24 098  169  -26   91   -9   62  +29  49 6F
  9 FF 57607 053800  780 818 1408    -1827805    -82       -6959     -9    5 108   82   -1   50   -0    0  +44   6 FF
  7 FF 57607 053800  780 547 2318    -4373305    +26       -6965     -2   11 048   99   -4   59   -2    0   -2  16 0C
 16 FF 57607 053800  780 287 1380       -3664     -4       -6976    +17   21 090  169  +36   91  +12   64   +2  68 32
 27 FF 57607 053800  780 265  992    -1244285    -69       -6980    -24   20 051  181  -12   95   -4   73  +26  30 69
 23 FF 57607 055400  780 506  548    +1844756     +1       -6970    -14   10 028  105  +10   62   +5   47  +58  13 3E
 30 FF 57607 055400  780 380 2529    -1448222    -31       -6962    -11   25 095  131  -13   76   -6   12  +71  33 61
 28 FF 57607 055400  780 137 3236    -5434168    -79       -6959    -51   38 003  340 -157  125  -18 9999 +999 999 3D
  8 FF 57607 055400  780 330  665     +449684    -36       -6963    -50   44 098  148  -17   83   -7   41   -8  35 48
  9 FF 57607 055400  780 811  852    -1827878    -68       -6962     +4    5 108   82   +1   50   +0    0  +24   7 E4
  7 FF 57607 055400  780 576 2191    -4373283    +18       -6969     -9    8 048   96   -2   57   -1    0   -1  11 04
 16 FF 57607 055400  780 223 1400       -3655    +74       -6946    +96   32 090  213  +60  104  +15   41  -60  63 47
 27 FF 57607 055400  780 270 1073    -1244331     +7       -6983    +52   35 051  178   +0   94   +0   42  -12  42 36
 23 FF 57607 061000  780 442  481    +1844779    -14       -6962    -29   11 031  116  +14   68   +7   51  -16  11 52
 30 FF 57607 061000  780 423 2452    -1448228    -20       -6951     +1   14 006  120  -10   71   -5    3   +7  25 0D
 28 FF 57607 061000  780 200 3206    -5434162    -86       -6927    -59   29 025  236  -71  109  -15 9999 +999 999 17
  8 FF 57607 061000  780 369  747     +449689    +31       -6966    +17   19 010  135  -11   77   -5   35  -67  21 4C
  9 FF 57607 061000  780 755  544    -1827952    -91       -6968    -18    5 109   84   +3   51   +1    3  +37   8 03
  7 FF 57607 061000  780 598 2052    -4373253    +14       -6964    -13    9 064   94   -2   56   -1    0  -49  14 17
 16 FF 57607 061000  750 160 1393       -3680    -44       -6957    -23   55 091  292 +110  119  +17   65 +256 107 8A
 27 FF 57607 061000  780 266 1152    -1244367    -39       -6977     +7   40 053  180  +12   95   +4   32  -20  48 58
 23 FF 57607 062600  780 377  429    +1844783    +25       -6972    +10   22 031  133  +20   76   +9   74  +20  28 57
 30 FF 57607 062600  780 465 2368    -1448261    -14       -6964     +6   17 006  112   -8   66   -4    4   -2  30 21
 28 FF 57607 062600  780 263 3165    -5434201    -49       -6940    -22   61 025  183  -43   95  -13   73  +49  71 88
  8 FF 57607 062600  780 396  839     +449721    +27       -6947    +13   18 010  127   -5   74   -2    4  -64  22 1F
  9 FF 57607 062600  780 683  410    -1828026    -69       -6973     +4    7 109   87   +5   53   +2   11  +29  12 0A
  7 FF 57607 062600  780 614 1903    -4373228    +38       -6966    +10   12 064   92   -2   55   -1    0   +4  13 07
  5 FF 57607 062600  720 112 2259     +991932    -33       -6952     -5   43 030  407 -108  132   -9 9999 +999 999 D7
 27 FF 57607 062600  780 248 1226    -1244408   -100       -6974    -54   29 053  193  +17   98   +5    9 +116 113 98
 23 FF 57607 064200  780 311  388    +1844804     -7       -6965    -21   20 031  157  +31   87  +12   59  -15  34 57
 30 FF 57607 064200  780 506 2278    -1448282    -30       -6966     -9   12 006  105   -7   62   -4    6  +14  17 33
 28 FF 57607 064200  780 327 3115    -5434238    -40       -6951    -13   24 025  150  -27   84  -11   53 -110  36 82
  8 FF 57607 064200  780 410  938     +449724    -74       -6957    -88   20 010  123   +0   72   +0   35  +97  33 28
  9 FF 57607 064200  780 607  336    -1828096    -49       -6973    +24    9 109   93   +7   56   +4   23   +7   9 0D
  7 FF 57607 064200  780 620 1746    -4373203    +25       -6967     -2    7 064   92   +0   55   +0    0   +0   9 CE
  5 FF 57607 064200  780 136 2319     +991885    -18       -6973    +10   48 030  338  -43  125   -5   70 -207 114 87
 27 FF 57607 064200  780 219 1293    -1244454    -72       -6976    -27   38 053  216  +30  104   +7   25  -18  56 87
 23 FF 57607 065800  780 245  352    +1844788    -29       -6995    -44   29 031  195  +51   99  +14   77  -17  38 9A
 30 FF 57607 065800  780 546 2179    -1448298    -35       -6962    -15    9 006   99   -5   59   -3    1  +13  17 42
 28 FF 57607 065800  780 389 3056    -5434249    -54       -6936    -27   17 025  129  -17   75   -8   55  +15  20 8E
  8 FF 57607 065800  780 409 1039     +449714    +50       -6980    +36   38 010  124   +1   72   +1   49  -59  39 41
  9 FF 57607 065800  780 529  287    -1828178   -105       -6985    -32    9 109  102  +11   61   +6   29  +11  16 59
 11 FF 57607 065800  780 123  608    +6577414    +35       -6967    +24   58 086  374 -114  129  -11 9999 +999 999 23
  7 FF 57607 065800  780 620 1588    -4373180    +27       -6970     -0    9 064   92   -0   55   -0    0   -1  11 E9
  5 FF 57607 065800  780 152 2383     +991867    -54       -6965    -26   40 030  305  -22  121   -3   36  +55  86 69
 27 FF 57607 065800  780 182 1348    -1244541    -43       -7020     +2   31 053  258  +58  113  +11   14 +127  56 7E
 23 FF 57607 071400  780 181  325    +1844781    +58       -7017    +43   42 031  259  +89  113  +16  127  -82  93 95
 30 FF 57607 071400  780 584 2067    -1448320    -39       -6964    -19    9 006   95   -4   57   -2    0   +8  12 1B
 28 FF 57607 071400  780 450 2983    -5434288    -28       -6948     -0   13 025  115  -12   68   -6   29  -39  17 73
  8 FF 57607 071400  780 392 1133     +449761    -67       -6946    -80   14 010  128   +8   74   +4    0 +103  21 2D
  9 FF 57607 071400  780 452  250    -1828251    -73       -6988     -1   16 109  114  +16   67   +8   28  +10  22 37
 11 FF 57607 071400  780 159  669    +6577399    +35       -6992    +23   46 086  292  -61  119   -9  104   -4 107 A1
  7 FF 57607 071400  780 608 1433    -4373166    +20       -6982     -7    8 064   93   +1   56   +1    0  +14  12 F6
  5 FF 57607 071400  780 160 2453     +991848    -61       -6957    -34   51 030  290   -0  119   -0   31  -93  73 4C
 27 FF 57607 071400  780 137 1393    -1244598    -75       -7033    -30   59 053  338 +113  125  +13   54 -100  95 B5
 30 FF 57607 073000  780 620 1939    -1448341    -45       -6966    -25   11 006   92   -3   55   -2    0   +1  11 11
 28 FF 57607 073000  780 507 2893    -5434319    -13       -6953    +14    9 025  105   -8   62   -5   32  -54  19 53
  8 FF 57607 073000  780 360 1215     +449752    +85       -6969    +71   27 010  138  +12   79   +5   15  -78  44 56
  9 FF 57607 073000  780 376  224    -1828336    -77       -7003     -5   17 109  133  +23   77  +11   31  -27  33 43
 11 FF 57607 073000  780 193  734    +6577405    -33       -6997    -45   32 086  243  -40  111   -8   64  -12  74 77
  7 FF 57607 073000  780 589 1288    -4373147    +22       -6989     -5    9 064   95   +3   57   +2    0   +4  12 00
  5 FF 57607 073000  780 154 2523     +991792    -66       -6987    -39   36 030  300  +35  120   +5   82  +12  81 5C
 30 FF 57607 074600  780 649 1789    -1448364    -31       -6969    -11   10 006   90   -2   54   -1    0  +10  11 2E
 28 FF 57607 074600  780 559 2783    -5434329     +4       -6937    +32   11 025   98   -6   58   -3   10  -15  17 4C
 13 FF 57607 074600  780 179 2212     +353545    +72       -6955    +48   42 068  262  -87  114  -15   44 -125  76 A3
  8 FF 57607 074600  780 317 1282     +449772    +44       -6962    +30   26 010  154  +21   85   +8    0  +32  34 2E
  9 FF 57607 074600  780 302  204    -1828420   -105       -7018    -32   21 109  161  +38   88  +14   48  -12  40 5C
 11 FF 57607 074600  780 223  802    +6577419     -2       -6994    -13   26 086  213  -25  104   -6   54   -3  67 51
 17 FF 57607 074600  780 154 3500    +2027830   +117       -6985   +119   30 009  304 -132  121  -22   35  +99  87 C2
  7 FF 57607 074600  780 562 1154    -4373125     +5       -6994    -23    9 064   98   +4   58   +2    0  +72  14 0B
  5 FF 57607 074600  780 142 2594     +991754    -58       -6999    -30   43 030  325  +37  123   +5   49 +100  62 7B
 30 FF 57607 080200  780 670 1613    -1448386    -17       -6970     +3    7 016   88   -1   53   -0    0   +3   6 E3
 28 FF 57607 080200  780 604 2647    -5434365    -44       -6943    -17   11 026   93   -4   56   -2   19   -6  18 44
 13 FF 57607 080200  780 240 2225     +353554    +50       -6974    +27   25 034  199  -47  100  -13    5 -109  47 74
  8 FF 57607 080200  780 268 1332     +449770    +32       -6981    +18   31 011  179  +34   94  +11    0   +6  48 32
  9 FF 57607 080200  780 229  198    -1828509   -116       -7039    -44   28 110  208  +64  102  +16   77  +96  46 90
 11 FF 57607 080200  780 246  874    +6577425    -25       -6996    -36   26 091  194  -14   99   -4   41  +30  57 77
 17 FF 57607 080200  780 223 3500    +2027794    -19       -7017    -17   31 030  213  -66  104  -16   52  +47  56 7E
  7 FF 57607 080200  780 528 1037    -4373107    +14       -7001    -14   10 065  102   +5   61   +3    0  -11  12 02
  5 FF 57607 080200  780 121 2662     +991749    +13       -6979    +40   58 041  378  +84  129   +8   12  +12  86 6C
 30 FF 57607 081800  780 680 1418    -1448413    -32       -6978    -11    8 016   88   -0   53   -0    0   -7   7 02
 28 FF 57607 081800  780 635 2483    -5434401    -27       -6953     +0    9 026   91   -2   54   -1    9   -3  10 00
 13 FF 57607 081800  780 300 2251     +353547    +73       -7004    +49   36 034  162  -29   88  -11   15  +41  55 61
  8 FF 57607 081800  780 212 1370     +449796     -7       -6968    -21   39 011  223  +59  106  +13    2  +99  65 5B
  9 FF 57607 081800  780 160  180    -1828600    -18       -7060    +55   36 110  292 +124  119  +19   58  -41  88 82
 11 FF 57607 081800  780 261  949    +6577430    -15       -7002    -26   23 091  184   -3   96   -1   46  +23  41 47
 17 FF 57607 081800  780 297 3500    +2027799     -9       -7009     -7   23 030  164  -38   89  -14   41  -48  35 71
  7 FF 57607 081800  780 489  931    -4373093    +56       -7014    +29   15 065  108   +7   64   +4    0  -69  21 31
 19 FF 57607 083400  780 165 3420    +5236937    -15       -6951    -12   28 058  284 -118  117  -19   71  -29  69 C0
 30 FF 57607 083400  780 668 1220    -1448435    -29       -6980     -8    9 016   88   +1   53   +1    0  +15  14 10
 28 FF 57607 083400  780 650 2294    -5434422    -38       -6949    -11    7 026   89   +0   54   +0    1  -13  10 20
 13 FF 57607 083400  780 357 2294     +353603    +39       -6971    +15   22 034  139  -19   79   -8    0   +9  41 3F
  8 FF 57607 083400  780 154 1396     +449778    +12       -6999     -2   38 011  303 +118  120  +17    0   +1  60 45
 11 FF 57607 083400  780 270 1025    +6577421    -32       -7023    -43   25 091  178   +0   94   +0   58   -8  39 42
 17 FF 57607 083400  780 373 3500    +2027826    -19       -6980    -17   17 030  134  -25   77  -11   35  -17  24 7D
  7 FF 57607 083400  780 445  838    -4373058    +34       -7004     +6   18 065  116  +10   68   +5    0   -0  21 06
  1 FF 57607 083400  780 148  826     -302413     -1       -7029    +12   40 012  313  -65  122   -9   25  -67  86 26
 19 FF 57607 085000  780 235 3414    +5236907    -90       -6979    -87   28 058  203  -59  101  -15   83 +150  53 BA
 30 FF 57607 085000  780 645 1040    -1448462    -35       -6987    -14    4 016   90   +3   54   +1    0   +6   9 F5
 28 FF 57607 085000  780 650 2098    -5434453    -28       -6953     -1    8 026   89   -0   54   -0    3  -14  12 17
 13 FF 57607 085000  780 407 2355     +353607    +21       -6990     -3   17 034  124  -12   72   -6    0  -16  21 1E
 11 FF 57607 085000  780 262 1100    +6577441    +29       -7013    +17   40 091  183   +8   95   +3   54 -148  50 5E
 17 FF 57607 085000  780 452 3482    +2027825    -26       -6979    -24   10 030  114  -17   67   -9    9  +16  16 62
  7 FF 57607 085000  780 397  756    -4373038    +32       -7011     +4   14 065  127  +14   74   +6    0  -22  18 1B
  1 FF 57607 085000  780 178  894     -302410    +13       -7014    +25   26 012  263  -39  114   -7    4  -68  79 30
 19 FF 57607 090600  780 308 3399    +5236911    -37       -6971    -34   30 058  158  -35   87  -13   77  +39  33 A3
 30 FF 57607 090600  780 607  889    -1448489    -27       -6995     -6    7 016   93   +4   56   +2    0  +14  10 14
 28 FF 57607 090600  780 636 1914    -5434481    -36       -6955     -9    7 026   91   +1   54   +1    0   +1  13 01
 13 FF 57607 090600  780 449 2434     +353635    -12       -6985    -36   17 034  115   -7   68   -4    0  +34  25 3A
 11 FF 57607 090600  780 247 1169    +6577456    +19       -7009     +8   24 091  193  +14   99   +4    0 -153  58 6C
 17 FF 57607 090600  780 535 3478    +2027812     -6       -6990     -4    9 030  101  -11   60   -6    2  -16  11 16
  7 FF 57607 090600  780 347  684    -4373004    +39       -7003    +12   23 065  142  +19   81   +8    0  +16  39 2E
  1 FF 57607 090600  780 201  965     -302436    +65       -7028    +78   24 012  234  -25  109   -5    8 -106  76 43
 15 FF 57607 090600  780 148 2249    +3217612     -1       -7041    -16   41 071  314  -92  122  -12    0  -34  69 58
 19 FF 57607 092200  780 382 3375    +5236912    -43       -6966    -39   14 058  131  -23   76  -11   64  +40  19 8E
 30 FF 57607 092200  780 559  767    -1448512    -39       -6998    -18    9 016   98   +6   58   +3    0   +9  10 1F
 28 FF 57607 092200  780 610 1753    -5434508    -53       -6956    -26    9 026   93   +3   56   +2    0   +3  12 11
 13 FF 57607 092200  780 476 2535     +353661    +25       -6982     +1   11 034  110   -3   65   -2    0  +17  13 08
 11 FF 57607 092200  780 223 1233    +6577454    +31       -7022    +20   31 091  213  +26  104   +6    4  -58  61 4A
 17 FF 57607 092200  780 619 3460    +2027824     -2       -6975     +1    8 030   92   -7   55   -4    0   -1   9 D9
  7 FF 57607 092200  780 294  621    -4372999    -32       -7024    -59   39 065  165  +29   90  +10    0  +49  44 5D
  1 FF 57607 092200  780 216 1039     -302423    -17       -7003     -5   24 012  219  -18  105   -4    0   +7  53 FD
 15 FF 57607 092200  780 189 2297    +3217649     +8       -7018     -6   50 071  248  -48  111   -9    0  +23  73 52
 19 FF 57607 093800  780 458 3347    +5236904    -10       -6971     -6   12 058  113  -15   67   -8   49  -19  11 71
 30 FF 57607 093800  780 505  670    -1448536    -21       -7002     -0   14 016  105   +9   62   +5   17  -24  19 24
 28 FF 57607 093800  780 575 1614    -5434538    -33       -6959     -6    9 026   96   +4   58   +2    0  +22  15 2A
 13 FF 57607 093800  780 490 2649     +353684     -8       -6981    -32   16 034  107   -0   64   -0    0  +11  23 1E
 11 FF 57607 093800  780 190 1286    +6577471    +38       -7016    +27   36 091  246  +41  111   +8    0  +57  67 73
 17 FF 57607 093800  780 704 3439    +2027816    -21       -6981    -18    6 030   86   -5   52   -2    0  +45   6 17
  7 FF 57607 093800  780 239  566    -4372975    +35       -7026     +8   26 065  199  +45  100  +12    1  -86  39 63
  1 FF 57607 093800  780 220 1114     -302446    -64       -7014    -52   33 012  215   -0  104   -0    0 +107  55 15
 15 FF 57607 093800  780 222 2357    +3217663     -2       -7019    -17   50 071  213  -27  104   -7    0  -50  77 50
 19 FF 57607 095400  780 533 3306    +5236905    +28       -6967    +31   13 058  101  -10   60   -6   45  -46  12 6A
 30 FF 57607 095400  780 447  591    -1448561    -12       -7007     +9   11 016  115  +13   68   +7   10  +13  17 37
 28 FF 57607 095400  780 537 1495    -5434568    -12       -6962    +16   13 026  101   +6   60   +3    0  -87  13 4B
 13 FF 57607 095400  780 478 2765     +353701     -4       -6988    -28   13 034  109   +2   65   +1    0  +38  18 2B
 11 FF 57607 095400  780 151 1331    +6577451    -43       -7047    -55   54 091  307  +86  121  +12   14  -60 116 97
 17 FF 57607 095400  780 790 3411    +2027815    +11       -6980    +13    6 030   83   -2   51   -1    0  -22   9 FC
  7 FF 57607 095400  780 183  518    -4372954     +4       -7031    -23   34 065  256  +78  113  +14   13  -42  65 5F
  1 FF 57607 095400  780 214 1187     -302455    -57       -7011    -45   26 012  221  +17  106   +4    0  +72  53 29
 15 FF 57607 095400  780 246 2423    +3217677    +23       -7019     +8   43 071  194  -14   99   -4    0  -22  68 51
 19 FF 57607 101000  780 609 3250    +5236917     -6       -6954     -3    7 069   93   -7   56   -4   34  -33  10 1A
 30 FF 57607 101000  780 385  526    -1448598     +9       -7023    +29   13 032  130  +19   75   +9    8  -38  26 37
 28 FF 57607 101000  780 496 1388    -5434602    -22       -6973     +5    8 027  106   +7   63   +4    4  +30  14 1C
 13 FF 57607 101000  780 452 2875     +353712    +63       -6996    +40   14 035  114   +7   67   +3   11  -12  26 33
  6 FF 57607 101000  780 159  117    -2299742    -53       -7052     -1   22 049  294 -111  119  -16    8  -48  70 59
 17 FF 57607 101000  780 873 3081    +2027811    -13       -6980    -10    6 031   81   -1   50   -0    0   +8   8 DD
  7 FF 57607 101000  780 127  475    -4372951    +69       -7053    +42   54 080  365 +164  128  +17    0 -152 184 8F
  1 FF 57607 101000  780 196 1257     -302500    +14       -7036    +27   40 013  239  +21  110   +4    7  +45  57 1A
 15 FF 57607 101000  780 260 2498    +3217696    -10       -7014    -25   32 095  184   -0   96   -0    0   +9  51 26
 19 FF 57607 102600  780 683 3165    +5236913    -10       -6954     -6    9 069   87   -4   53   -2   20   -5  13 1C
 30 FF 57607 102600  780 322  473    -1448598    -52       -7004    -31   20 032  152  +28   85  +11   15  +37  30 52
 28 FF 57607 102600  780 454 1292    -5434634    -27       -6978     +1   23 027  114   +9   67   +5    0  +20  25 32
 13 FF 57607 102600  780 413 2969     +353740    +39       -6991    +15   19 035  123  +11   72   +6    0  -35  24 3C
  6 FF 57607 102600  780 223  148    -2299795    -19       -7055    +33   21 049  213  -61  104  -15   21  -25  49 6B
 17 FF 57607 102600  780 839 1618    +2027807    +10       -6982    +12    6 031   82   +1   50   +0    0  -54  10 05
  1 FF 57607 102600  780 170 1318     -302522    -15       -7046     -3   43 013  275  +50  116   +8    0 -126  73 23
 24 FF 57607 102600  780 152 2240     +205998    -63       -7016    -68   46 067  307 -122  121  -17    0 +141  74 83
 15 FF 57607 102600  780 260 2576    +3217707    -26       -7018    -40   29 095  184   -0   96   -0    0  +20  37 3E
 19 FF 57607 104200  780 750 3015    +5236906     -9       -6957     -6    6 069   84   -3   51   -1   26  -19   5 0E
 30 FF 57607 104200  780 258  429    -1448654    -73       -7040    -52   40 032  186  +44   96  +13   42   +5  49 58
 28 FF 57607 104200  780 412 1205    -5434662    -41       -6980    -14   29 027  123  +10   72   +5    0  +39  28 47
 13 FF 57607 104200  780 365 3049     +353761    +18       -6992     -5   16 035  136  +17   78   +8   11  +74  28 4E
  6 FF 57607 104200  780 291  180    -2299855    -58       -7065     -6   22 049  167  -38   90  -13    3  -83  35 4B
 17 FF 57607 104200  780 757 1568    +2027801    -10       -6985     -7    8 031   84   +3   51   +1    0  +48  14 08
  1 FF 57607 104200  780 134 1372     -302542    +14       -7054    +27   45 013  344 +102  126  +12    0   +3 220 2E
 24 FF 57607 104200  780 213 2240     +206016    -22       -7005    -27   35 067  222  -63  106  -15    0  +25  59 44
 15 FF 57607 104200  780 253 2656    +3217718    +36       -7021    +22   33 095  189  +11   97   +3    0  -23  50 48
 19 FF 57607 105800  780 801 2709    +5236918     +2       -6942     +6    7 069   82   -1   50   -0    6   +6  10 EC
 30 FF 57607 105800  765 194  392    -1448694    -27       -7060     -6   46 032  243  +80  110  +16 9999 +999 999 EC
 28 FF 57607 105800  780 370 1122    -5434706    -36       -6996     -8   19 027  135  +14   77   +6    9  +51  23 56
 13 FF 57607 105800  780 310 3117     +353754     +8       -7022    -16   23 035  157  +26   87  +10   57  +15  33 46
  6 FF 57607 105800  780 361  214    -2299871    -98       -7031    -46   21 049  138  -25   79  -11    9  -51  32 59
 17 FF 57607 105800  780 677 1531    +2027802    -12       -6982    -10    7 031   88   +5   53   +3    0  -25  10 12
 24 FF 57607 105800  780 275 2241     +206063    -35       -6963    -40   29 067  175  -38   93  -13    0  +28  48 61
 15 FF 57607 105800  780 234 2734    +3217720    +51       -7033    +37   35 095  203  +19  101   +5    0 -163  37 65
 19 FF 57607 111400  780 805 2230    +5236908     -9       -6949     -5    6 069   82   +1   50   +0    6  -15   8 F2
 28 FF 57607 111400  780 327 1044    -5434701     +6       -6966    +34   17 027  150  +18   84   +7    0  -39  34 43
 13 FF 57607 111400  780 254 3174     +353794    +13       -7005    -11   39 035  188  +41   97  +12    8  +61  58 54
  6 FF 57607 111400  780 432  258    -2299919    -61       -7028     -9   10 049  119  -16   70   -8    7   -8  28 26
 17 FF 57607 111400  780 601 1495    +2027795     -5       -6987     -3    8 031   94   +7   56   +4    0   +4  12 EC
  2 FF 57607 111400  780 136 3500    -5686926    +49       -7042     +6   29 015  341 -165  125  -19   63 +138  91 94
 24 FF 57607 111400  780 338 2265     +206070     +5       -6961     -1   25 067  146  -24   82  -10    0  -23  37 1F
 15 FF 57607 111400  780 207 2807    +3217755     -7       -7012    -22   26 095  228  +33  107   +7   33  -48  44 64
 19 FF 57607 113000  780 763 1895    +5236897    -20       -6957    -16    8 069   84   +2   51   +1    8  +13   9 2A
 28 FF 57607 113000  780 284  971    -5434753    -51       -6992    -24   30 027  170  +24   91   +8   30  +98  47 67
 13 FF 57607 113000  780 198 3224     +353774    +32       -7048     +9   34 035  238  +64  109  +13   38  +76  98 74
  6 FF 57607 113000  780 502  316    -2299967    -54       -7026     -2   12 049  105  -11   63   -6    0  +14  16 12
 17 FF 57607 113000  780 528 1460    +2027788     -0       -6992     +2    9 031  102  +10   61   +6    0   -2  19 F6
  2 FF 57607 113000  780 204 3500    -5686828     +4       -6985    -40   31 015  232  -77  108  -17   41  -78  60 6B
 24 FF 57607 113000  780 399 2301     +206077    -21       -6960    -26   15 067  126  -16   74   -8    0  +13  17 39
 15 FF 57607 113000  780 173 2877    +3217765   +140       -7017   +125   28 095  269  +57  115  +10   43 -253  59 CA
 12 FF 57607 114600  780 158 2404    -3877224   +112       -7061   +120   41 036  294  -88  119  -13    0  -43  74 96
 19 FF 57607 114600  780 704 1725    +5236890    -13       -6961     -9    8 069   86   +4   52   +2   12  +12  13 27
 28 FF 57607 114600  780 240  901    -5434797     -4       -7010    +24   32 027  198  +35  100  +10   47  +63  51 5A
 13 FF 57607 114600  780 142 3271     +353812    +30       -7033     +6   26 035  326 +121  123  +15    7 -147  99 65
  6 FF 57607 114600  780 569  396    -2299998    -50       -7006     +3    8 049   97   -7   58   -4    0  -33  12 10
 17 FF 57607 114600  780 460 1421    +2027771    +17       -7007    +20   13 031  113  +13   67   +7    0  -66  13 32
  2 FF 57607 114600  780 275 3520    -5686796    +25       -6995    -18   22 015  175  -43   93  -14   68  -86  41 8F
 24 FF 57607 114600  780 456 2358     +206100    +32       -6942    +26   11 067  114  -11   67   -6    0   -8  12 1C
 15 FF 57607 114600  780 137 2940    +3217747    +27       -7049    +13   33 095  338  +98  125  +11    0   +7  75 6F
 12 FF 57607 120200  780 207 2356    -3877240     +8       -7065    +16   43 037  229  -52  107  -12    0  +78  72 62
 19 FF 57607 120200  780 642 1619    +5236874    -11       -6974     -7   11 070   90   +5   54   +3   13  -10  11 25
 28 FF 57607 120200  780 196  837    -5434819   -106       -7006    -79   28 028  240  +53  110  +11   12  -14  92 8B
  6 FF 57607 120200  780 626  516    -2300055    -54       -7018     -1    5 050   91   -4   55   -2    0  +15   8 BD
 17 FF 57607 120200  780 395 1380    +2027763    -21       -7010    -19   15 034  127  +18   74   +9    0  -12  26 42
  2 FF 57607 120200  780 350 3520    -5686746    +47       -6983     +4   17 016  141  -28   80  -12   28  -10  33 52
 24 FF 57607 120200  780 504 2438     +206104     +6       -6978     +0   13 024  105   -7   62   -4    0  -15  16 EF
 15 FF 57607 120200  345  97 3005    +3217730    +44       -7081    +29   26 096  462 +159  136  +12    0 -182  86 87
 12 FF 57607 121800  780 258 2310    -3877251     -2       -7069     +6   49 037  186  -37   96  -11    0  -30  88 54
 19 FF 57607 121800  780 581 1540    +5236869     +1       -6976     +4    9 070   96   +6   57   +4    5  -18  11 10
 28 FF 57607 121800  780 152  776    -5434862    +18       -7024    +45   39 028  307  +93  121  +13   27  -55 120 92
  6 FF 57607 121800  780 664  688    -2300105    -60       -7017     -8    7 050   89   -2   53   -1    0  +13   9 D2
 17 FF 57607 121800  780 334 1336    +2027756     -1       -7015     +1   25 034  147  +24   83  +10    0  +10  38 24
  2 FF 57607 121800  780 428 3520    -5686717    +41       -6995     -2   10 016  119  -19   70   -9   49  -23  21 51
 24 FF 57607 121800  780 539 2547     +206107    -38       -6980    -44   10 024  100   -4   60   -2    0   +4  10 03
 12 FF 57607 123400  780 311 2265    -3877230     -0       -7041     +8   33 037  157  -26   86  -10    0  +10  55 2D
 19 FF 57607 123400  780 522 1472    +5236857    -44       -6985    -41    9 070  103   +8   61   +5    3  +37  18 3D
 28 FF 57607 123400  525 105  720    -5434920   -106       -7055    -78   32 028  430 +163  134  +14 9999 +999 999 12
  6 FF 57607 123400  780 670  894    -2300160    -55       -7022     -2    6 050   88   +0   53   +0    0  -26   7 C2
 17 FF 57607 123400  780 277 1291    +2027721    -53       -7048    -51   32 034  174  +33   93  +11    0  +17  30 53
  2 FF 57607 123400  780 508 3520    -5686654    +14       -6973    -30    9 016  105  -13   62   -7   36  +31  14 42
 24 FF 57607 123400  780 556 2680     +206094    -36       -6998    -41   13 024   98   -2   59   -1    0   +2  16 13
 12 FF 57607 125000  780 369 2223    -3877239     -3       -7042     +5   21 037  135  -19   77   -8    0  +13  28 31
 19 FF 57607 125000  780 466 1410    +5236832    +13       -7006    +16    9 070  112  +11   66   +6   18  -63  17 44
  6 FF 57607 125000  780 647 1082    -2300217    -67       -7029    -15    6 050   90   +3   54   +2    0   -0  10 DC
 17 FF 57607 125000  780 223 1245    +2027710    -29       -7056    -27   26 034  213  +48  104  +12    0  -83  43 60
  2 FF 57607 125000  780 591 3520    -5686613    +19       -6974    -24    9 016   95   -9   57   -5   22  +34   9 27
 24 FF 57607 125000  780 548 2818     +206084     +5       -7014     -1    9 024   99   +2   59   +1    0  -19  17 E3
 12 FF 57607 130600  780 430 2184    -3877227     -7       -7022     +1   12 037  119  -14   70   -7    0   +3  21 06
 19 FF 57607 130600  780 412 1350    +5236830    -28       -7005    -24   17 070  123  +14   72   +7    5  +20  20 35
  6 FF 57607 130600  780 599 1214    -2300268    -56       -7030     -4    7 050   94   +5   56   +3    0  +31  10 E7
 17 FF 57607 130600  780 173 1196    +2027721    +57       -7044    +59   38 034  271  +77  115  +13    0  +28  64 78
  2 FF 57607 130600  780 676 3520    -5686570    +46       -6972     +2    7 016   88   -6   53   -3    9   -2   8 EF
 24 FF 57607 130600  780 521 2946     +206093    -19       -7010    -24    9 024  103   +5   61   +3    0   -7  12 EE
 12 FF 57607 132200  780 495 2148    -3877215    -28       -7002    -20   15 037  107  -11   63   -6    0  -19  16 4B
 19 FF 57607 132200  780 360 1293    +5236822    -42       -7011    -39   22 070  138  +18   79   +8    0  -69  26 59
 25 FF 57607 132200  780 148 2271    +2220251   +112       -7073    +43   49 047  314 -118  122  -16    0  +65  88 8A
  6 FF 57607 132200  780 538 1295    -2300330    -41       -7041    +11    9 050  101   +9   60   +5    0  -44  20 F4
 17 FF 57607 132200  720 125 1146    +2027735    +33       -7027    +35   55 034  369 +131  128  +14 9999 +999 999 0B
  2 FF 57607 132200  780 761 3552    -5686518    +54       -6962    +11    6 016   84   -3   51   -1   13  -36   9 14
 24 FF 57607 132200  780 477 3052     +206067     +6       -7042     -0   11 024  110   +9   65   +5    0  -23  13 E5
 12 FF 57607 133800  780 564 2113    -3877218    -22       -6997    -14   12 037   97   -8   58   -4    0  +10  12 3B
 19 FF 57607 133800  780 311 1235    +5236801    -48       -7028    -45   22 070  157  +23   87   +9   17 +120  28 79
 25 FF 57607 133800  780 206 2247    +2220318   +108       -7072    +39   37 047  229  -66  107  -15    0  -28  79 93
 29 FF 57607 133800  780 120 2702    -6548396    -77       -7030    -84   47 107  384 -136  130  -13    0 -102  93 A7
  6 FF 57607 133800  780 472 1339    -2300386    -51       -7047     +1   11 050  111  +13   65   +7    0  -42  19 1A
  2 FF 57607 133800  780 841  151    -5686479    +14       -6965    -30    7 016   82   -1   50   -0    9  +27   8 F7
  5 FF 57607 133800  705 151  191     +991072     -5       -7112    +22   39 072  309 -114  121  -15 9999 +999 999 C7
 24 FF 57607 133800  780 423 3137     +206049    -33       -7065    -39   15 024  120  +14   71   +7    1   +7  23 1C
 12 FF 57607 135400  780 637 2085    -3877231    -28       -7003    -20    7 037   91   -6   54   -3    0  +37  12 1B
 19 FF 57607 135400  780 264 1177    +5236796    +42       -7030    +46   21 070  182  +29   95   +9   27  -38  29 7E
 25 FF 57607 135400  780 268 2230    +2220408    +60       -7049     -9   26 047  180  -41   94  -13    0  +81  50 49
 29 FF 57607 135400  780 162 2642    -6548426    -67       -7067    -75   26 107  287  -71  118  -11   62  -83  69 B5
  6 FF 57607 135400  780 404 1360    -2300445    -87       -7056    -35   15 050  125  +18   73   +9    0  +49  20 37
  2 FF 57607 135400  780 851 1139    -5686448    +42       -6974     -1    5 016   81   +1   50   +0    8   -3   6 DA
  5 FF 57607 135400  780 210  231     +991038    +40       -7119    +68   30 072  225  -61  107  -14 9999 +999 999 C7
 24 FF 57607 135400  780 364 3204     +206055    -20       -7065    -26   17 024  136  +21   78   +9    0  +13  22 29
 12 FF 57607 141000  780 713 2060    -3877223    -25       -6989    -17    6 038   86   -4   52   -2    0  +34   8 13
 19 FF 57607 141000  780 218 1119    +5236778    +37       -7045    +40   29 088  217  +45  105  +11   22  -82  49 91
 25 FF 57607 141000  780 333 2220    +2220494    +82       -7033    +12   23 048  148  -27   83  -11    0   -4  48 3A
 29 FF 57607 141000  780 204 2582    -6548402    -38       -7060    -46   34 002  231  -47  108  -10    6  -40  52 6B
  6 FF 57607 141000  780 336 1360    -2300527    -93       -7091    -41   25 051  146  +26   82  +11    0  +75  32 3D
  2 FF 57607 141000  780 775 1415    -5686423    +31       -6993    -12    6 017   83   +3   51   +1    0  +21   9 F0
  5 FF 57607 141000  780 272  271     +991049    -53       -7084    -26   26 079  177  -38   94  -12    0  +83  50 40
 24 FF 57607 141000  780 303 3260     +206038    +37       -7088    +31   18 025  161  +31   88  +11    0 -107  29 4B
 12 FF 57607 142600  780 792 2060    -3877230    +11       -6988    +19    7 038   83   -2   51   -1    0   -8   6 02
 19 FF 57607 142600  780 174 1061    +5236764    +45       -7056    +49   39 088  269  +66  115  +11   74  +14  75 A5
 25 FF 57607 142600  780 399 2220    +2220556    +68       -7037     -2   15 048  126  -19   73   -9    0  +43  24 44
 29 FF 57607 142600  780 247 2521    -6548401    +86       -7067    +78   27 002  193  -32   99   -9    0 -140  56 7F
  6 FF 57607 142600  780 271 1360    -2300598   -126       -7112    -73   43 051  178  +39   94  +13    0  +41  56 63
  2 FF 57607 142600  780 695 1440    -5686384    +39       -6995     -4    7 017   87   +5   52   +2    0  +23   9 02
  5 FF 57607 142600  780 334  317     +991038    -49       -7068    -22   20 079  147  -25   83  -10    0   +1  30 1B
 24 FF 57607 142600  780 241 3308     +206013    -21       -7118    -26   26 025  198  +47  100  +13   18  -92  47 69
 12 FF 57607 144200  780 872 2356    -3877244    -18       -6995    -10    6 038   81   -1   50   -0    0  +27   7 16
 19 FF 57607 144200  780 130 1003    +5236768    +14       -7050    +17   50 088  354 +115  127  +13   78  -68  81 9C
 25 FF 57607 144200  780 468 2236    +2220626    +60       -7034    -10   12 048  111  -13   66   -7    0  +29  18 40
 29 FF 57607 144200  780 291 2458    -6548388     +7       -7061     -1   24 002  166  -24   90   -8    0  -21  37 3B
  6 FF 57607 144200  780 208 1349    -2300661    -81       -7126    -29   41 051  227  +66  107  +15    0 -189  44 77
  2 FF 57607 144200  780 617 1440    -5686351    +47       -7003     +4    6 017   92   +7   55   +4    8  +10   8 E3
  5 FF 57607 144200  780 397  371     +991016    -45       -7064    -18   12 079  127  -17   74   -8    0  +52  24 2B
 24 FF 57607 144200  780 181 3351     +205985    +44       -7152    +38   43 025  259  +81  113  +15   31  +32  81 6D
 12 FF 57607 145800  780 839  289    -3877238    -10       -6981     -2    5 038   82   +1   50   +0    0  -18   7 F8
 25 FF 57607 145800  780 536 2272    +2220715    +71       -7011     +1   12 048  101   -9   60   -5    0  +13  14 0E
 29 FF 57607 145800  780 335 2393    -6548369    +31       -7050    +23   15 002  147  -17   83   -7    0  -65  26 63
  6 FF 57607 145800  780 148 1329    -2300700    -94       -7114    -42   31 051  314 +121  122  +16    0 -101  69 6E
  2 FF 57607 145800  780 542 1417    -5686319    +43       -7013     +0   12 017  100  +10   60   +5    9  -28  14 1B
  5 FF 57607 145800  780 459  438     +991027    -21       -7026     +7   12 079  113  -12   67   -6    0  -10  15 0D
 24 FF 57607 145800  735 125 3392     +205962    -68       -7180    -73   39 025  370 +151  128  +16   72 +154 111 B4
 20 FF 57607 145800  780 175 3533    -4294170    -70       -7066    -48   21 080  268 -101  115  -17 9999 +999 999 23
 12 FF 57607 151400  780 754  100    -3877251    -10       -6986     -2    7 038   84   +3   51   +1    0  +24   9 E0
 25 FF 57607 151400  780 600 2341    +2220780    +41       -7013    -28    8 048   94   -6   56   -3    0   -9  10 FB
 29 FF 57607 151400  780 382 2327    -6548352     +5       -7041     -3   18 002  131  -14   76   -7    0   +5  26 17
  2 FF 57607 151400  780 471 1390    -5686288    +34       -7023    -10   11 017  111  +13   66   +7    5  -42  11 2F
  5 FF 57607 151400  780 513  525     +991001    -26       -7026     +2    7 079  104   -8   62   -4    0  -35  11 D7
 20 FF 57607 151400  780 244 3540    -4294167    -17       -7042     +5   22 080  196  -54   99  -15   29  -46  51 73
 12 FF 57607 153000  780 668  100    -3877258    -40       -6985    -32    7 038   88   +6   53   +3    0  +14  10 10
 25 FF 57607 153000  780 655 2463    +2220839    +67       -7020     -2    7 048   89   -3   54   -2    0  -10   9 F8
 29 FF 57607 153000  780 430 2259    -6548352    -24       -7048    -32   14 002  119  -12   70   -6    0  +19  18 4E
  2 FF 57607 153000  780 404 1356    -5686257     +4       -7034    -39   14 017  125  +17   73   +9    5  +44  23 30
  5 FF 57607 153000  780 557  637     +990971    -16       -7030    +12    8 079   98   -5   59   -2    0  -43  12 F9
 20 FF 57607 153000  780 316 3554    -4294207    -35       -7061    -13   18 080  155  -33   86  -13   54  +72  31 73
 12 FF 57607 154600  780 583   90    -3877284     -1       -7005     +7    7 038   95   +9   57   +5    0  +26  11 E2
 25 FF 57607 154600  780 688 2652    +2220913    +67       -7013     -2    8 048   87   -1   53   -0    0  +17  14 0B
 21 FF 57607 154600  780 136 2920    +5292894    +64       -7060    +57   38 000  341 -117  125  -14   57 -169 123 C8
 29 FF 57607 154600  780 480 2186    -6548331    +12       -7035     +4   11 002  109   -9   65   -5    0  -12  14 26
  2 FF 57607 154600  780 341 1322    -5686236    +92       -7054    +49   23 017  144  +23   82  +10    0  -40  24 45
  5 FF 57607 154600  780 585  775     +990944    -43       -7031    -16    8 079   95   -2   57   -1    0  +26  17 06
 20 FF 57607 154600  780 391 3560    -4294176    -15       -7010     +6   11 080  129  -22   75  -10   48  -81  34 62
 12 FF 57607 160200  780 499   80    -3877285    -19       -6999    -11   10 039  106  +13   63   +7    4  +34  14 40
 25 FF 57607 160200  780 687 2881    +2220978    +80       -7014    +11    8 049   87   +1   53   +0    0  -18   8 0F
 21 FF 57607 160200  780 186 2865    +5292917   -163       -7046   -170   27 002  253  -64  112  -12   88 +139  80 CC
 29 FF 57607 160200  780 531 2108    -6548316    +29       -7026    +21   11 011  101   -7   60   -4    0  -34  15 25
  2 FF 57607 160200  780 281 1283    -5686211     -7       -7067    -50   32 026  172  +33   92  +11   32  +75  33 4B
  5 FF 57607 160200  780 588  925     +990914    -26       -7036     +1    9 097   95   +1   57   +1    0  +22  11 DC
 20 FF 57607 160200  780 468 3561    -4294194    -19       -7009     +2    8 083  111  -15   66   -8   40  +66  17 4C
 12 FF 57607 161800  780 417   80    -3877307    -49       -7013    -41   21 039  122  +20   71  +10   11  -33  30 3C
 25 FF 57607 161800  780 652 3076    +2221046    +84       -7012    +15    6 049   89   +4   54   +2    0  +26   7 06
 21 FF 57607 161800  780 235 2808    +5292924     -2       -7045     -9   27 002  202  -39  101  -10   27  -96  64 68
 29 FF 57607 161800  780 584 2020    -6548304     +6       -7022     -2   12 011   95   -6   57   -3    0  +15  16 01
  2 FF 57607 161800  780 226 1241    -5686162    -11       -7059    -54   30 026  210  +49  103  +12   12  +35  50 61
  5 FF 57607 161800  780 568 1065     +990897    -42       -7026    -15    8 097   97   +4   58   +2    0  +17  16 1A
 20 FF 57607 161800  780 548 3580    -4294214    -16       -7008     +6   14 083   99  -10   59   -6   47  +28  18 59
 12 FF 57607 163400  780 337   80    -3877332    -60       -7031    -52   20 039  146  +31   82  +13   14  +27  26 49
 25 FF 57607 163400  780 595 3209    +2221107    +51       -7018    -19    7 049   94   +7   56   +4    0   +5  10 07
 21 FF 57607 163400  780 284 2744    +5292956    +35       -7020    +28   31 002  170  -26   91   -9   42  -31  50 62
 29 FF 57607 163400  780 638 1912    -6548285    -12       -7010    -20    8 011   90   -4   54   -2    0  +17   9 0A
  2 FF 57607 163400  780 174 1197    -5686117    +54       -7056    +11   39 026  269  +76  115  +13   38  -14  89 92
  5 FF 57607 163400  780 528 1175     +990863    -59       -7034    -32    8 097  102   +6   61   +4    0  +17  17 17
 20 FF 57607 163400  780 628 2245    -4294203    -28       -6976     -6    9 083   91   -7   55   -4   33  -12  16 33
 12 FF 57607 165000  780 260   80    -3877348    -18       -7039    -10   25 039  185  +52   96  +16    0  +21  34 45
 25 FF 57607 165000  780 526 3296    +2221161    +55       -7031    -14    9 049  102  +10   61   +6   21  +27  14 3A
 21 FF 57607 165000  780 332 2677    +5292974    -31       -7008    -37   18 002  148  -20   83   -8    3  +92  47 61
 29 FF 57607 165000  780 688 1771    -6548284     -6       -7017    -14    9 011   87   -3   53   -1    0  +19  10 1A
 13 FF 57607 165000  780 128  697     +354215    +78       -7066    +54   34 048  359 -109  127  -11 9999 +999 999 0B
  2 FF 57607 165000  750 124 1150    -5686070   +188       -7050   +145   45 026  370 +134  128  +14 9999 +999 999 22
 18 FF 57607 165000  780 144 3300    -5455679    -83       -7019    -43   45 024  324 -144  123  -18 9999 +999 999 27
  5 FF 57607 165000  780 477 1255     +990830    -60       -7042    -32   13 097  110  +10   65   +6    0  +30  16 1E
 20 FF 57607 165000  780 707   41    -4294226    -27       -6978     -6    9 083   86   -4   52   -2   29  +27  10 0C
 12 FF 57607 170600  780 187   80    -3877375    +36       -7059    +44   23 039  253  +97  112  +18   14  +41  59 7C
 25 FF 57607 170600  780 452 3354    +2221225    +63       -7033     -7   12 049  114  +15   67   +8    3   -5  22 20
 21 FF 57607 170600  780 379 2602    +5292961    +14       -7028     +7   21 002  132  -15   76   -7   27  -23  24 4F
 26 FF 57607 170600  780 146 2217    +4419950   +167       -7084    +77   29 079  319 -100  123  -13    0 +196  83 C1
 29 FF 57607 170600  780 731 1569    -6548281    -21       -7021    -29    7 011   85   -2   52   -1    0  +22  12 17
 15 FF 57607 170600  780 208  415    +3218033    +73       -7053    +58   49 098  227  -55  107  -12 9999 +999 999 01
 13 FF 57607 170600  780 167  760     +354239    +17       -7065     -7   36 048  280  -65  117  -10   56  -95 108 79
 18 FF 57607 170600  780 209 3278    -5455728    -73       -7029    -32   23 024  226  -71  107  -16 9999 +999 999 1E
  5 FF 57607 170600  780 417 1308     +990804     -1       -7041    +26   24 097  122  +15   71   +8    0  -24  24 12
 20 FF 57607 170600  780 782  163    -4294242     -6       -6974    +16    7 083   83   -2   51   -1   13  -36  13 11
 12 FF 57607 172200  630 117   80    -3877412    +44       -7088    +52   37 039  394 +209  131  +20   16  +14 140 7E
 25 FF 57607 172200  780 378 3396    +2221276    +66       -7049     -3   14 049  132  +23   76  +11    6  +28  23 59
 21 FF 57607 172200  780 426 2521    +5292982     +9       -7012     +2   27 002  120  -11   70   -5   11   +4  24 0E
 26 FF 57607 172200  780 192 2263    +4420064   +127       -7057    +37   36 079  245  -54  111  -11    0  -32  57 84
 29 FF 57607 172200  780 750 1286    -6548279     +4       -7026     -4    6 011   84   +0   51   +0    0   -6  12 E0
 15 FF 57607 172200  780 260  468    +3218079    +19       -7021     +4   26 098  185  -36   96  -11   16  -45  41 61
 13 FF 57607 172200  780 201  828     +354292     +6       -7035    -18   30 048  234  -35  109   -8   21  +79  71 42
 18 FF 57607 172200  780 276 3252    -5455730    -81       -6992    -40   22 024  175  -41   93  -13   31  +71  42 7F
  5 FF 57607 172200  780 355 1338     +990744    -14       -7075    +14   21 097  140  +22   80  +10    0  -67  26 3C
 20 FF 57607 172200  780 834  577    -4294267    -31       -6978    -10    7 083   82   -0   50   -0   13   -0   6 FF
 25 FF 57607 173800  780 305 3431    +2221314    +73       -7077     +3   18 049  160  +35   88  +13    1  +34  37 4C
 21 FF 57607 173800  780 471 2432    +5292986    +17       -7015    +10   18 002  111   -9   65   -5    9  -46  21 42
 26 FF 57607 173800  780 230 2319    +4420159    +80       -7047    -10   43 079  206  -28  102   -7    0  +31  67 60
 29 FF 57607 173800  780 741  980    -6548271    +17       -7026     +9    6 011   84   +1   51   +0    0  +27   7 EC
 15 FF 57607 173800  780 310  529    +3218068    +11       -7046     -4   21 098  157  -24   87   -9   19  +47  26 55
 13 FF 57607 173800  780 229  902     +354313    +39       -7037    +15   21 048  207  -23  102   -6   32  +15  55 47
 18 FF 57607 173800  780 345 3218    -5455777    -72       -7000    -31   22 024  143  -26   81  -11   26  -10  26 77
  5 FF 57607 173800  780 291 1358     +990701   -166       -7092   -139   31 097  166  +34   90  +12    0  -37  37 7C
 20 FF 57607 173800  780 809 1141    -4294285    -12       -6975    +10    6 083   82   +1   50   +1    0  -12   8 04
 25 FF 57607 175400  780 235 3462    +2221348    -24       -7110    -93   26 049  203  +58  101  +15   49  -32  47 87
 21 FF 57607 175400  780 514 2335    +5292994     -2       -7014     -9   14 002  104   -6   62   -3   10  -44  15 23
 26 FF 57607 175400  780 259 2386    +4420244    +68       -7049    -22   45 079  184  -18   96   -6    0  +12  88 76
 29 FF 57607 175400  780 700  745    -6548249     -8       -7012    -16    7 011   86   +3   52   +1    0   +9   6 DC
 15 FF 57607 175400  780 356  599    +3218096    +19       -7033     +4   22 098  139  -16   79   -7    7   -5  26 41
 13 FF 57607 175400  780 248  979     +354332    +21       -7041     -3   31 048  192   -8   98   -2   29  -69  68 3C
 18 FF 57607 175400  780 415 3177    -5455806    +22       -6989    +63   12 024  122  -17   72   -9   24  -11  23 74
  5 FF 57607 175400  780 227 1360     +990656    +26       -7110    +53   60 097  209  +56  103  +14    0  -71  48 55
 20 FF 57607 175400  780 742 1332    -4294318    -16       -6988     +6    6 083   84   +3   51   +1   24   +5   9 06
 25 FF 57607 181000  780 168 3490    +2221407    +46       -7121    -24   39 050  279 +106  117  +17    3  +98  87 90
 21 FF 57607 181000  780 555 2224    +5293011    +20       -7006    +13   12 012   98   -5   59   -3    4  -34  13 13
 26 FF 57607 181000  780 278 2462    +4420336   +107       -7044    +18   25 080  173   -8   92   -3    0  -48  48 58
 29 FF 57607 181000  780 642  590    -6548250    +19       -7015    +11    8 012   90   +5   54   +3    0   +6  10 E7
 15 FF 57607 181000  780 397  679    +3218128     -8       -7020    -23   39 001  127  -10   74   -5    0  +17  33 29
 13 FF 57607 181000  780 260 1058     +354357    +14       -7035    -10   23 049  184   -0   96   +0   29   +6  45 23
 18 FF 57607 181000  780 484 3123    -5455821     -4       -6971    +37    9 039  108  -12   64   -7    0  -74  17 41
  5 FF 57607 181000  780 166 1353     +990592     +9       -7149    +36   40 098  282 +105  117  +17    0  -78  67 6A
 10 FF 57607 181000  780 156 3151     +787234    -28       -7078    -92   67 080  300 -119  120  -17 9999 +999 999 0E
 20 FF 57607 181000  780 669 1383    -4294337    -27       -6988     -6    7 085   88   +5   53   +3    6  -28  10 2E
 25 FF 57607 182600  480 104 3522    +2221452    +99       -7142    +30   37 050  433 +219  134  +19    0  -64 103 85
 21 FF 57607 182600  780 592 2097    +5293018     +1       -7006     -6    9 012   94   -4   56   -2    9  +18  13 FF
 26 FF 57607 182600  780 280 2543    +4420409    +70       -7056    -20   30 080  172   -0   92   -0    0  +34  43 2A
 29 FF 57607 182600  780 575  487    -6548247     -3       -7019    -11    7 012   96   +8   58   +4    0  +56  16 17
 16 FF 57607 182600  780 155 2249       -4708    -14       -7028     +7   48 065  299  -66  120   -9   19  +48 102 5B
 15 FF 57607 182600  780 428  771    +3218129    +22       -7034     +7   13 001  119   -6   70   -3    0  -40  21 07
 13 FF 57607 182600  780 257 1137     +354388     -1       -7026    -25   33 049  186  +12   97   +3    0   +2  50 1B
 18 FF 57607 182600  780 553 3053    -5455871    -51       -6982    -10    9 039   99   -8   59   -5   21   +6  11 3F
  5 FF 57607 182600  495 105 1340     +990582    -68       -7133    -41   27 098  429 +209  134  +19    0 +341 162 97
 10 FF 57607 182600  780 217 3111     +787263   +107       -7110    +43   38 080  219  -61  105  -14    0  -15  43 62
 20 FF 57607 182600  780 597 1400    -4294364     -2       -6994    +19    9 085   94   +7   56   +4   14  +10  16 32
 21 FF 57607 184200  780 624 1952    +5293030     +9       -7000     +3   10 012   91   -2   55   -1    3   +6  13 D7
 26 FF 57607 184200  780 278 2625    +4420494    +39       -7058    -51   28 080  173   +6   92   +2   15  -13  39 65
 29 FF 57607 184200  780 505  413    -6548232     -4       -7012    -12    8 012  105  +11   62   +6    0  -20  12 FC
 16 FF 57607 184200  780 184 2312       -4725    -11       -7025    +11   32 065  254  -31  113   -6    0  +26  84 18
 15 FF 57607 184200  780 446  872    +3218167    -20       -7011    -35   15 001  115   -4   68   -2    0  +23  16 1C
 13 FF 57607 184200  780 242 1213     +354397    +14       -7040    -10   24 049  197  +17   99   +5   10  -21  47 4B
 18 FF 57607 184200  780 619 2959    -5455908     -4       -6980    +37    7 039   92   -6   55   -3   19  -18  11 4D
 10 FF 57607 184200  780 277 3063     +787345   +116       -7090    +53   25 080  174  -36   93  -12   45  +49  38 89
 20 FF 57607 184200  780 527 1380    -4294394    -19       -7004     +2    8 085  102  +10   61   +5   17  -13  17 37
 21 FF 57607 185800  780 647 1784    +5293044     -3       -6992    -10   10 012   90   -1   54   -0    0  +11  10 0C
 26 FF 57607 185800  780 261 2706    +4420574   +168       -7064    +78   34 080  183  +17   96   +5    0 -128  46 90
 29 FF 57607 185800  780 432  358    -6548236     +5       -7023     -3   11 012  118  +17   70   +9    0   +3  24 07
 16 FF 57607 185800  780 203 2381       -4726     +9       -7005    +30   39 065  232  -17  108   -4   11  -30  86 2C
 15 FF 57607 185800  780 450  976    +3218159    +13       -7032     -2   13 001  114   -0   68   -0   14  -32  25 1F
 13 FF 57607 185800  780 217 1280     +354418     +3       -7042    -21   30 049  218  +30  105   +7    0  -55  62 2F
 18 FF 57607 185800  780 679 2822    -5455929    -44       -6962     -3    8 039   88   -4   53   -2   11  -25  12 49
 10 FF 57607 185800  780 336 3006     +787438    +81       -7058    +18   21 080  146  -24   82  -10    0  +29  31 54
 20 FF 57607 185800  780 461 1365    -4294429    -25       -7017     -3   13 085  112  +12   66   +7   18  -23  16 58
 21 FF 57607 191400  780 660 1598    +5293056    +10       -6988     +3    7 012   89   -0   53   -0    1  -19  10 0E
 26 FF 57607 191400  780 234 2782    +4420667    +29       -7058    -61   31 080  203  +26  101   +7    0   -9  75 54
 29 FF 57607 191400  780 359  316    -6548234    -10       -7029    -18   17 012  138  +25   79  +11   14  -13  22 69
 16 FF 57607 191400  780 210 2456       -4750    +35       -7008    +56   44 065  224   -0  106   -0   17 -103  84 31
 15 FF 57607 191400  780 435 1076    +3218162   -182       -7043   -197   14 001  118   +4   69   +2    0 +234  21 68
 13 FF 57607 191400  780 182 1339     +354410    +33       -7073     +9   35 049  257  +52  113  +10    0  +96  71 49
 18 FF 57607 191400  780 726 2618    -5455973    -40       -6966     +0    7 039   85   -2   52   -1    8  +10   8 13
 27 FF 57607 191400  780 140 2200    -1246630    -68       -7095    -23   33 032  331 -138  124  -17    0  +88  67 86
 10 FF 57607 191400  780 393 2941     +787483     -2       -7074    -66   17 080  128  -16   74   -7    0  +51  20 3B
 20 FF 57607 191400  780 397 1338    -4294446    +10       -7013    +31   21 085  127  +17   74   +8    8  +47  26 59
 21 FF 57607 194200  780 644 1268    +5293056    +16       -6999     +9    8 012   90   +2   54   +1    5   +3  12 FF
 26 FF 57607 194200  780 172 2902    +4420788    +61       -7087    -29   26 080  271  +60  116  +10    7 +100  62 86
 29 FF 57607 194200  780 234  266    -6548261     +8       -7070     +0   21 012  204  +58  101  +15   16  -42  43 44
 32 FF 57607 194200  780 143 3460     +713542    +94       -7117    -28   34 093  325 -151  123  -19    0  +67  94 7E
 16 FF 57607 194200  780 196 2590       -4812    -31       -7034     -9   35 065  239  +21  110   +4   48  -76  58 3C
 15 FF 57607 194200  780 377 1219    +3218198    +32       -7033    +17   18 001  132  +13   76   +6    0  -53  25 49
 13 FF 57607 194200  450 104 1421     +354459   +216       -7065   +192   48 049  435 +183  134  +15 9999 +999 999 2C
 18 FF 57607 194200  780 745 2109    -5456052    -55       -6976    -14    6 039   84   +1   51   +0   10   -3   8 17
 27 FF 57607 194200  780 247 2229    -1246655    -80       -7044    -34   29 032  194  -46   99  -13    0  +21  57 7A
 10 FF 57607 194200  780 487 2798     +787601    +33       -7062    -31   14 080  108   -8   64   -5    0  +21  20 2F
 20 FF 57607 194200  780 293 1282    -4294504    -74       -7036    -52   26 085  165  +30   90  +11    7 +112  53 76
 21 FF 57607 195800  780 615 1103    +5293060     +4       -7001     -2    8 012   92   +3   55   +2    2   -2  11 C4
 26 FF 57607 195800  780 132 2963    +4420855   +103       -7106    +13   40 080  349 +103  126  +12   36 +117  82 B6
 29 FF 57607 195800  660 165  247    -6548248    +18       -7065    +10   65 012  284 +115  117  +18   40 -237 154 BF
 32 FF 57607 195800  780 212 3460     +713688    +27       -7088    -95   24 093  223  -72  106  -17    0  +67  47 7F
 16 FF 57607 195800  780 175 2665       -4831     -1       -7032    +21   32 065  267  +32  115   +6   32  +97 127 45
 15 FF 57607 195800  780 330 1277    +3218209    +37       -7035    +22   26 001  148  +21   83   +8    0  +30  31 40
 18 FF 57607 195800  780 714 1857    -5456099    -34       -6984     +7    8 039   86   +2   52   +1    5  -29  12 38
 27 FF 57607 195800  780 306 2261    -1246706     -4       -7051    +42   38 032  159  -29   87  -11    0 -132  56 6E
 10 FF 57607 195800  780 534 2696     +787661    +23       -7064    -41   15 080  101   -6   60   -3    0  +25  17 30
 20 FF 57607 195800  780 238 1246    -4294537    -33       -7047    -11   22 085  200  +44  100  +12   19  +29  46 86
 21 FF 57607 201400  780 576  965    +5293063    +27       -7007    +20   10 013   96   +5   57   +3   13  +20  14 1B
 24 FF 57607 201400  780 121  849     +206172    +29       -7081    +23   29 042  377  -93  129   -9   16 +143 107 79
 32 FF 57607 201400  780 285 3460     +713788   +163       -7100    +42   20 095  170  -41   91  -14    0  -80  59 5D
 16 FF 57607 201400  780 146 2736       -4842    +14       -7025    +35   44 066  317  +74  122  +10 9999 +999 999 C7
 15 FF 57607 201400  780 278 1319    +3218230    -20       -7029    -35   27 006  173  +32   92  +11    0  +85  33 51
 18 FF 57607 201400  780 668 1680    -5456135    -39       -6982     +2    8 040   88   +3   53   +2    3   +9  15 09
 27 FF 57607 201400  780 361 2307    -1246732    -33       -7035    +13   21 033  137  -18   79   -8    0  -26  27 4B
 10 FF 57607 201400  780 574 2576     +787728    +81       -7051    +18    7 082   96   -4   58   -2    0  -30   9 0A
 20 FF 57607 201400  780 187 1205    -4294533     -7       -7025    +14   28 093  252  +67  112  +13   45 +127  81 80
 21 FF 57607 203000  780 530  850    +5293079    +31       -6997    +24    8 013  102   +7   60   +4   13   +1  12 04
 24 FF 57607 203000  780 149  916     +206177     +2       -7082     -4   38 042  311  -56  122   -8   64 +101 100 3B
 32 FF 57607 203000  780 360 3453     +713958   +149       -7047    +27   17 095  138  -27   79  -12    0  -24  33 6F
 16 FF 57607 203000  690 111 2803       -4892   -120       -7054    -99   37 066  410 +131  132  +11 9999 +999 999 E3
 15 FF 57607 203000  780 221 1349    +3218222    -46       -7051    -61   44 006  214  +54  104  +13    0  -25  71 52
 14 FF 57607 203000  780 140 3400     +279768    -31       -7080    -50   33 088  333 -159  124  -19 9999 +999 999 09
 18 FF 57607 203000  780 616 1552    -5456172    -51       -6980    -10   10 040   92   +5   55   +3   14  +27  10 2E
 27 FF 57607 203000  780 410 2373    -1246759    -23       -7019    +23   19 033  124  -12   72   -6    0  +11  21 38
 10 FF 57607 203000  780 606 2438     +787804    +67       -7036     +3    8 082   93   -2   56   -1    0   +1  13 DD
 20 FF 57607 203000  735 137 1162    -4294552    +39       -7023    +60   32 093  338 +117  125  +14 9999 +999 999 0D
  8 FF 57607 204600  780 166 2219     +450382     +1       -7015    -13   52 073  282  -86  117  -14    0  +33 101 41
 21 FF 57607 204600  780 478  754    +5293095    +18       -6988    +11    8 013  109  +10   65   +5   37  +16  13 4C
 24 FF 57607 204600  780 170  984     +206177    -73       -7087    -78   29 042  274  -31  116   -5   47  -75  74 73
 32 FF 57607 204600  780 437 3440     +714075   +162       -7046    +41   14 095  117  -17   69   -9    4  -23  16 56
 15 FF 57607 204600  780 163 1362    +3218255    +21       -7033     +6   36 006  287 +106  118  +16    0  -82  61 66
 14 FF 57607 204600  780 208 3396     +279800    +47       -7067    +27   38 088  227  -75  107  -17 9999 +999 999 15
 18 FF 57607 204600  780 562 1450    -5456214    -64       -6982    -23    7 040   98   +6   58   +3   15  +50  16 3C
 27 FF 57607 204600  780 448 2460    -1246792    -25       -7008    +21   17 033  115   -7   68   -3    0   -5  16 2F
 10 FF 57607 204600  780 627 2282     +787874    +69       -7028     +5   10 082   91   -1   55   -1    0  +11  15 08
  8 FF 57607 210200  780 215 2262     +450413    +29       -6997    +16   46 073  220  -45  105  -10    0  -17  73 46
 21 FF 57607 210200  780 424  675    +5293112     -1       -6977     -8   17 013  120  +14   70   +7   45  -10  19 20
 24 FF 57607 210200  780 183 1056     +206202    +18       -7067    +12   25 042  256  -20  113   -4   45  -33  48 48
 32 FF 57607 210200  780 516 3420     +714211   +123       -7027     +2   11 095  103  -12   62   -7    0   -5  11 FD
 15 FF 57607 210200  360 104 1380    +3218334   +117       -6967   +102   36 006  436 +207  134  +18   37 +229 119 D1
 14 FF 57607 210200  780 280 3380     +279853    +46       -7033    +27   21 088  173  -43   92  -14   76   +3  56 5B
 18 FF 57607 210200  780 508 1365    -5456252    -65       -6981    -25   12 040  105   +8   62   +5   27  +40  22 4D
 27 FF 57607 210200  780 470 2563    -1246819    -58       -6991    -13   14 033  111   -2   66   -1    0  -77  28 46
 10 FF 57607 210200  780 640 2114     +787940    +61       -7023     -3    7 082   90   -0   54   -0    0   -9  18 D1
  8 FF 57607 211800  780 258 2317     +450443    -24       -6980    -37   50 073  186  -27   96   -8   18  +61  92 5F
 21 FF 57607 211800  780 367  607    +5293119    +23       -6977    +16   16 013  136  +19   78   +9   56  +33  20 60
 24 FF 57607 211800  780 190 1128     +206222    +21       -7053    +16   25 042  246   +0  111   +0   17  +65  50 26
 32 FF 57607 211800  780 598 3393     +714352   +140       -7003    +19    9 095   94   -8   56   -4    0  -30   9 18
 14 FF 57607 211800  780 353 3358     +279907    +37       -6998    +17   15 088  140  -27   80  -12   37  -10  31 7A
 18 FF 57607 211800  780 457 1288    -5456296    -12       -6986    +29   22 040  113  +10   67   +5   29  -21  22 73
 27 FF 57607 211800  780 477 2679    -1246857    -71       -6985    -26   17 033  109   +3   65   +2    0  +34  26 5C
 10 FF 57607 211800  780 640 1944     +788002    +74       -7022    +10    7 082   90   +0   54   +0    0   -5  11 D8
  8 FF 57607 213400  780 292 2384     +450473    +41       -6963    +27   39 073  166  -16   90   -6    0   +0  54 26
 21 FF 57607 213400  780 308  551    +5293154    +59       -6948    +52   15 013  158  +28   87  +11   65   -6  46 63
 24 FF 57607 213400  780 180 1199     +206205    +51       -7075    +45   32 042  259   +2  114   +0    5  -90  71 2C
 32 FF 57607 213400  780 679 3356     +714466   +126       -7006     +4    8 095   88   -5   53   -3    0   -3   7 F5
 14 FF 57607 213400  780 429 3330     +279920    -13       -7003    -32   12 088  119  -18   70   -9   62  +12  22 48
 18 FF 57607 213400  780 406 1218    -5456319    -32       -6970     +9   28 040  125  +12   73   +6   23   +5  22 3C
 27 FF 57607 213400  780 462 2794    -1246905    -50       -6990     -4   15 033  112   +5   66   +3    9  +23  18 35
 10 FF 57607 213400  780 627 1782     +788071    +72       -7014     +8    9 082   91   +1   55   +1    0  -28  11 F2
  8 FF 57607 215000  780 315 2462     +450503    +15       -6946     +1   27 073  155   -8   86   -3    0  -14  36 06
 21 FF 57607 215000  780 249  502    +5293142    +16       -6967     +9   32 013  192  +43   98  +12  123  -30  57 61
 24 FF 57607 215000  780 165 1263     +206256    -34       -7030    -40   30 042  282  +31  117   +5    0  -39  60 32
 32 FF 57607 215000  780 760 3291     +714583   +121       -7006     -1    7 095   84   -3   51   -1    0  -25   6 EA
 14 FF 57607 215000  780 506 3291     +279958    +19       -6983     -1   11 088  105  -12   62   -7   35  +31  15 49
 18 FF 57607 215000  780 357 1152    -5456336    -31       -6947    +10   16 040  139  +17   79   +8   22  +66  36 70
 27 FF 57607 215000  780 432 2898    -1246946    -85       -6987    -40   17 033  118   +8   70   +4    9  -10  16 5B
 10 FF 57607 215000  780 607 1633     +788135    +59       -7012     -4    7 082   93   +2   56   +1    0   -1  11 D4
  8 FF 57607 220600  780 327 2547     +450522    +16       -6944     +2   19 079  150   -7   84   -3    0  -40  45 0E
 21 FF 57607 220600  780 190  461    +5293161    +58       -6957    +51   31 014  248  +75  111  +15   84 -121 107 94
 24 FF 57607 220600  780 139 1324     +206229    +22       -7063    +17   36 070  331  +72  124   +9    0  +57  96 46
 32 FF 57607 220600  780 838 3088     +714708   +121       -6997     -1    6 096   82   -1   50   -0    0  +24   7 FF
 11 FF 57607 220600  780 133 2242    +6577994    -53       -7003    -65   39 020  348 -140  126  -16 9999 +999 999 20
 14 FF 57607 220600  780 583 3239     +279989    +37       -6976    +18    7 089   95   -8   57   -5   33  -19  11 55
 18 FF 57607 220600  780 309 1087    -5456415    -43       -6988     -2   18 041  158  +23   87   +9   32   +3  34 56
 27 FF 57607 220600  780 389 2988    -1246989    -23       -6988    +22   15 055  129  +14   75   +7   20  +45  23 8C
 10 FF 57607 220600  780 582 1498     +788186    +79       -7026    +16    9 103   95   +3   57   +2    0  -29  14 1D
  8 FF 57607 222200  780 321 2633     +450518    +25       -6962    +11   34 079  152   +2   85   +1   16  +37  47 29
 31 FF 57607 222200  780 141   79    -2554093    +42       -7037    +21   21 089  331 -140  124  -17  110  -49  79 81
 21 FF 57607 222200  630 131  426    +5293191   +105       -6933    +98   43 014  354 +153  127  +17 9999 +999 999 10
 32 FF 57607 222200  780 859 2087     +714823   +111       -6999    -11    5 096   81   +1   50   +0    0   +1   8 F4
 11 FF 57607 222200  780 188 2262    +6577997    +20       -7010     +8   44 020  250  -70  112  -13 9999 +999 999 EC
 14 FF 57607 222200  780 659 3161     +280009     +1       -6975    -18    6 089   89   -5   54   -3   33  +50  11 13
 18 FF 57607 222200  780 262 1026    -5456477    +61       -7011   +102   34 041  183  +31   95  +10   96  -49  56 86
 27 FF 57607 222200  780 339 3063    -1247047     +8       -7003    +53   21 055  145  +21   82   +9   46  -36  25 4D
 10 FF 57607 222200  780 551 1377     +788241    +66       -7032     +3    9 103   99   +4   59   +2    0  +17   9 E6
  8 FF 57607 223800  780 306 2720     +450549    +43       -6943    +29   23 079  159   +9   87   +3   22  -45  53 47
 31 FF 57607 223800  780 204  105    -2554102    +40       -7066    +20   26 089  232  -73  108  -16   80  +67  58 70
 32 FF 57607 223800  780 791 1684     +714944   +120       -6995     -1    5 096   83   +2   51   +1    0  +29   8 06
 11 FF 57607 223800  780 240 2289    +6578026    +60       -6992    +49   39 020  199  -42  100  -11    9   +2  90 70
 14 FF 57607 223800  780 731 3030     +280028    +14       -6974     -5    8 089   85   -3   52   -1   23  +20  11 00
 18 FF 57607 223800  780 217  967    -5456483    -18       -6978    +22   33 041  218  +43  105  +10  103  +90  68 9C
 27 FF 57607 223800  780 284 3128    -1247066   -114       -6977    -68   29 055  170  +32   91  +11   27 +122  47 AF
 10 FF 57607 223800  780 518 1267     +788313    +66       -7020     +3   10 103  103   +5   61   +3    0  +39   9 F4
  8 FF 57607 225400  780 279 2802     +450570    -67       -6936    -81   35 079  172  +18   92   +6   24  +47  43 61
 31 FF 57607 225400  780 271  130    -2554032    -28       -7016    -48   26 089  177  -43   94  -14   87  -42  29 78
 32 FF 57607 225400  780 717 1589     +715056   +119       -6999     -2    5 096   86   +4   52   +2    0   -1   9 FE
 11 FF 57607 225400  780 288 2329    +6578062    +83       -6968    +72   34 020  168  -26   90   -9   55  -90  70 89
 14 FF 57607 225400  780 788 2766     +280053    +27       -6968     +8    7 089   83   -1   51   -1   17  -14  10 20
 18 FF 57607 225400  780 173  910    -5456504    -33       -6960     +8   25 041  271  +69  116  +12   90   +3  93 5A
 27 FF 57607 225400  780 228 3184    -1247131    -61       -6999    -16   43 055  208  +49  103  +13   69  +65  58 A4
 10 FF 57607 225400  780 481 1167     +788377   +112       -7016    +49   53 103  109   +6   65   +4    0  -53  40 3D
  1 FF 57607 225400  780 174 2220     -303022    -47       -6962    -35   28 059  270  -95  115  -16    0  +56  80 51
  8 FF 57607 231000  780 244 2876     +450570     +7       -6948     -7   22 079  195  +30   99   +8   90  +34  50 37
 31 FF 57607 231000  780 342  157    -2554025    +32       -7028    +11   13 089  144  -28   82  -12   46  +16  31 52
 32 FF 57607 231000  780 644 1531     +715167   +111       -7005    -11    9 096   90   +5   54   +3    0  +29   9 FA
 22 FF 57607 231000  780 167 2459    -2779841    +83       -6949    -13   41 044  280  -81  117  -13 9999 +999 999 1F
 11 FF 57607 231000  780 333 2379    +6578076    +30       -6964    +19   28 020  147  -16   83   -7   43  -17  33 72
 14 FF 57607 231000  780 807 2302     +280073    +14       -6966     -5    6 089   82   +1   50   +0   17   -6   9 DF
 18 FF 57607 231000  780 128  855    -5456520    +26       -6936    +67   31 041  361 +123  127  +13  117 -206 156 BF
 27 FF 57607 231000  780 172 3235    -1247138    -69       -6963    -24   22 055  273  +88  116  +15   60 +147  55 AA
 10 FF 57607 231000  780 442 1075     +788456    +85       -6997    +23   32 103  116   +8   68   +4    0   -3  33 1E
  1 FF 57607 231000  780 236 2222     -303033    +53       -6961    +66   25 059  202  -53  101  -14    0 -105  57 45
  8 FF 57607 232600  780 204 2942     +450587   +115       -6945   +101   24 079  231  +47  108  +10   90  -39  50 8A
 31 FF 57607 232600  780 414  190    -2554011    +15       -7034     -5   23 089  123  -18   72   -9   38  +59  34 41
 32 FF 57607 232600  780 574 1481     +715288   +106       -7001    -16    8 096   96   +8   58   +4    0  -15  12 24
 22 FF 57607 232600  780 217 2412    -2779764    +61       -6963    -35   50 044  218  -50  105  -12   85 +107  85 A8
 11 FF 57607 232600  780 369 2445    +6578111     -0       -6941    -12   26 020  135  -10   77   -4   46   -2  32 38
 14 FF 57607 232600  780 769 1919     +280092    +10       -6966     -9    6 089   83   +2   51   +1   23  +27  10 15
 27 FF 57607 232600  720 118 3282    -1247151    -17       -6932    +29   35 055  391 +170  130  +17  137  -17  69 B3
 10 FF 57607 232600  780 401  991     +788520   +135       -6992    +72   15 103  126  +11   73   +5    0 -132  19 49
  1 FF 57607 232600  780 298 2243     -303065     +5       -6981    +17   38 059  163  -32   89  -11   30  -28  54 4E
  8 FF 57607 234200  780 160 3004     +450623   -171       -6922   -184   30 079  290  +82  119  +12   32  +92  88 8B
 31 FF 57607 234200  780 487  231    -2553966    +35       -7008    +15   11 089  108  -13   64   -7   40  -12  21 4F
 32 FF 57607 234200  780 508 1434     +715399   +124       -7006     +2   10 096  105  +10   62   +5    0  +26  19 2A
 22 FF 57607 234200  780 270 2368    -2779659    +43       -6949    -52   37 044  178  -35   94  -11   69   -1  78 97
 11 FF 57607 234200  780 395 2525    +6578135     -7       -6928    -19   21 020  127   -5   74   -3   48  +33  23 4D
 14 FF 57607 234200  780 709 1724     +280111     +5       -6966    -15    8 089   86   +3   52   +2   36  +14  13 0B
 10 FF 57607 234200  780 357  913     +788564    +39       -7009    -23   12 103  139  +15   79   +7   41  +39  27 4F
  1 FF 57607 234200  780 359 2274     -303031     -2       -6935    +11   19 059  138  -20   79   -9    0  +11  31 11
